1	150 
2	106 
3	135 
4	66 
5	4 
6	33 
7	86 
8	162 
9	131 
10	62 
11	93 
12	105 
13	120 
14	100 
15	114 
16	114 
17	19 
18	132 
19	95 
20	3 
21	140 
22	74 
23	119 
24	151 
25	146 
26	80 
27	67 
28	127 
29	52 
30	97 
31	107 
32	49 
33	130 
34	28 
35	57 
36	128 
37	111 
38	101 
39	24 
40	131 
41	155 
42	65 
43	57 
44	53 
45	35 
46	9 
47	137 
48	31 
49	103 
50	156 
51	151 
52	41 
53	101 
54	156 
55	148 
56	126 
57	36 
58	41 
59	71 
60	67 
61	11 
62	157 
63	40 
64	31 
65	94 
66	24 
67	70 
68	109 
69	142 
70	93 
71	55 
72	61 
73	52 
74	52 
75	137 
76	42 
77	122 
78	17 
79	80 
80	34 
81	128 
82	34 
83	123 
84	129 
85	34 
86	147 
87	96 
88	55 
89	44 
90	26 
91	62 
92	106 
93	5 
94	139 
95	70 
96	33 
97	98 
98	56 
99	44 
100	112 
101	109 
102	74 
103	111 
104	21 
105	78 
106	91 
107	134 
108	81 
109	114 
110	45 
111	57 
112	41 
113	123 
114	17 
115	57 
116	72 
117	31 
118	78 
119	104 
120	149 
121	117 
122	157 
123	162 
124	110 
125	144 
126	7 
127	23 
128	66 
129	76 
130	74 
131	62 
132	12 
133	40 
134	29 
135	54 
136	78 
137	107 
138	140 
139	101 
140	102 
141	21 
142	96 
143	143 
144	37 
145	61 
146	110 
147	89 
148	38 
149	128 
150	21 
151	130 
152	129 
153	85 
154	22 
155	65 
156	92 
157	47 
158	70 
159	61 
160	95 
161	25 
162	161 
163	130 
164	148 
165	131 
166	95 
167	103 
168	136 
169	92 
170	41 
171	92 
172	67 
173	62 
174	160 
175	20 
176	96 
177	29 
178	157 
179	120 
180	82 
181	146 
182	75 
183	5 
184	29 
185	114 
186	8 
187	9 
188	27 
189	162 
190	32 
191	49 
192	81 
193	106 
194	146 
195	156 
196	137 
197	6 
198	58 
199	69 
200	15 
201	108 
202	30 
203	20 
204	144 
205	89 
206	3 
207	83 
208	143 
209	40 
210	71 
211	129 
212	2 
213	89 
214	15 
215	162 
216	56 
217	143 
218	13 
219	131 
220	151 
221	45 
222	113 
223	42 
224	118 
225	155 
226	56 
227	74 
228	44 
229	25 
230	118 
231	90 
232	91 
233	52 
234	145 
235	53 
236	141 
237	46 
238	32 
239	42 
240	83 
241	101 
242	16 
243	16 
244	36 
245	50 
246	142 
247	5 
248	68 
249	143 
250	23 
251	135 
252	21 
253	14 
254	106 
255	59 
256	34 
257	50 
258	96 
259	114 
260	87 
261	45 
262	43 
263	103 
264	148 
265	25 
266	22 
267	42 
268	129 
269	58 
270	15 
271	145 
272	155 
273	114 
274	151 
275	103 
276	148 
277	95 
278	21 
279	90 
280	108 
281	74 
282	81 
283	147 
284	22 
285	120 
286	157 
287	92 
288	19 
289	126 
290	101 
291	18 
292	148 
293	2 
294	64 
295	122 
296	106 
297	53 
298	162 
299	137 
300	13 
301	12 
302	7 
303	13 
304	35 
305	145 
306	128 
307	17 
308	140 
309	74 
310	16 
311	11 
312	2 
313	15 
314	19 
315	33 
316	108 
317	130 
318	35 
319	65 
320	29 
321	117 
322	70 
323	14 
324	104 
325	1 
326	96 
327	72 
328	6 
329	124 
330	19 
331	159 
332	50 
333	159 
334	102 
335	134 
336	70 
337	101 
338	65 
339	57 
340	51 
341	21 
342	122 
343	99 
344	139 
345	85 
346	108 
347	85 
348	52 
349	121 
350	80 
351	150 
352	23 
353	122 
354	17 
355	153 
356	78 
357	29 
358	43 
359	66 
360	75 
361	121 
362	88 
363	150 
364	162 
365	36 
366	100 
367	27 
368	158 
369	59 
370	120 
371	151 
372	79 
373	145 
374	9 
375	152 
376	98 
377	107 
378	152 
379	42 
380	140 
381	79 
382	119 
383	116 
384	42 
385	115 
386	65 
387	25 
388	65 
389	113 
390	5 
391	122 
392	43 
393	151 
394	130 
395	98 
396	160 
397	17 
398	106 
399	15 
400	137 
401	35 
402	145 
403	88 
404	66 
405	80 
406	24 
407	45 
408	137 
409	22 
410	64 
411	65 
412	14 
413	89 
414	80 
415	14 
416	36 
417	5 
418	73 
419	36 
420	39 
421	86 
422	134 
423	122 
424	102 
425	57 
426	30 
427	20 
428	97 
429	29 
430	14 
431	72 
432	19 
433	162 
434	121 
435	132 
436	151 
437	32 
438	140 
439	41 
440	115 
441	19 
442	146 
443	81 
444	147 
445	74 
446	31 
447	96 
448	90 
449	24 
450	37 
451	139 
452	124 
453	142 
454	106 
455	97 
456	42 
457	64 
458	87 
459	33 
460	20 
461	53 
462	92 
463	90 
464	73 
465	136 
466	68 
467	138 
468	57 
469	4 
470	160 
471	48 
472	27 
473	138 
474	122 
475	43 
476	40 
477	18 
478	133 
479	58 
480	63 
481	1 
482	93 
483	148 
484	62 
485	93 
486	150 
487	32 
488	38 
489	160 
490	71 
491	49 
492	60 
493	121 
494	70 
495	44 
496	107 
497	152 
498	154 
499	150 
500	148 
501	105 
502	93 
503	107 
504	142 
505	12 
506	101 
507	20 
508	64 
509	87 
510	115 
511	136 
512	134 
513	96 
514	134 
515	68 
516	136 
517	140 
518	68 
519	153 
520	66 
521	29 
522	46 
523	96 
524	89 
525	4 
526	138 
527	88 
528	97 
529	58 
530	22 
531	141 
532	28 
533	109 
534	21 
535	138 
536	69 
537	87 
538	57 
539	116 
540	159 
541	154 
542	20 
543	116 
544	55 
545	32 
546	132 
547	160 
548	136 
549	157 
550	63 
551	12 
552	51 
553	155 
554	44 
555	127 
556	49 
557	121 
558	159 
559	113 
560	74 
561	91 
562	76 
563	39 
564	117 
565	112 
566	79 
567	41 
568	73 
569	68 
570	13 
571	66 
572	100 
573	90 
574	77 
575	47 
576	2 
577	30 
578	63 
579	6 
580	28 
581	12 
582	119 
583	54 
584	122 
585	33 
586	70 
587	148 
588	125 
589	4 
590	162 
591	138 
592	11 
593	5 
594	69 
595	17 
596	102 
597	60 
598	127 
599	162 
600	78 
601	87 
602	46 
603	61 
604	6 
605	62 
606	152 
607	118 
608	140 
609	133 
610	70 
611	79 
612	162 
613	9 
614	106 
615	69 
616	13 
617	63 
618	55 
619	106 
620	104 
621	143 
622	14 
623	97 
624	113 
625	59 
626	133 
627	146 
628	65 
629	27 
630	113 
631	78 
632	34 
633	121 
634	42 
635	9 
636	57 
637	21 
638	76 
639	70 
640	54 
641	23 
642	13 
643	56 
644	149 
645	71 
646	68 
647	110 
648	31 
649	24 
650	142 
651	117 
652	146 
653	64 
654	130 
655	75 
656	73 
657	9 
658	91 
659	151 
660	68 
661	28 
662	8 
663	126 
664	97 
665	1 
666	20 
667	10 
668	34 
669	15 
670	113 
671	50 
672	36 
673	152 
674	68 
675	145 
676	112 
677	30 
678	84 
679	114 
680	4 
681	124 
682	67 
683	28 
684	38 
685	95 
686	19 
687	53 
688	115 
689	7 
690	158 
691	76 
692	84 
693	69 
694	92 
695	161 
696	10 
697	132 
698	152 
699	9 
700	63 
701	89 
702	107 
703	15 
704	154 
705	39 
706	158 
707	127 
708	47 
709	11 
710	4 
711	5 
712	6 
713	31 
714	19 
715	80 
716	94 
717	3 
718	86 
719	81 
720	156 
721	65 
722	18 
723	31 
724	95 
725	141 
726	95 
727	79 
728	2 
729	51 
730	96 
731	111 
732	99 
733	108 
734	125 
735	7 
736	78 
737	3 
738	146 
739	39 
740	128 
741	2 
742	162 
743	108 
744	60 
745	106 
746	32 
747	36 
748	99 
749	56 
750	26 
751	147 
752	4 
753	110 
754	84 
755	91 
756	161 
757	153 
758	161 
759	2 
760	130 
761	73 
762	54 
763	16 
764	134 
765	72 
766	117 
767	99 
768	48 
769	86 
770	16 
771	68 
772	23 
773	123 
774	36 
775	56 
776	84 
777	90 
778	92 
779	33 
780	97 
781	95 
782	44 
783	21 
784	34 
785	55 
786	87 
787	117 
788	145 
789	68 
790	135 
791	84 
792	157 
793	144 
794	149 
795	22 
796	45 
797	56 
798	44 
799	46 
800	57 
801	126 
802	112 
803	139 
804	135 
805	81 
806	29 
807	57 
808	104 
809	60 
810	43 
811	21 
812	139 
813	91 
814	22 
815	41 
816	24 
817	109 
818	71 
819	102 
820	142 
821	148 
822	30 
823	41 
824	155 
825	80 
826	145 
827	23 
828	120 
829	149 
830	44 
831	80 
832	99 
833	74 
834	23 
835	152 
836	128 
837	90 
838	94 
839	23 
840	149 
841	14 
842	123 
843	140 
844	55 
845	154 
846	151 
847	41 
848	7 
849	102 
850	21 
851	119 
852	137 
853	23 
854	75 
855	63 
856	113 
857	101 
858	81 
859	70 
860	1 
861	138 
862	101 
863	43 
864	18 
865	31 
866	90 
867	147 
868	60 
869	2 
870	137 
871	6 
872	27 
873	80 
874	97 
875	57 
876	129 
877	4 
878	66 
879	125 
880	48 
881	70 
882	95 
883	160 
884	1 
885	64 
886	157 
887	80 
888	69 
889	9 
890	53 
891	62 
892	101 
893	16 
894	128 
895	15 
896	86 
897	161 
898	120 
899	153 
900	158 
901	84 
902	14 
903	38 
904	143 
905	115 
906	109 
907	116 
908	3 
909	138 
910	137 
911	50 
912	25 
913	138 
914	126 
915	161 
916	143 
917	92 
918	21 
919	71 
920	156 
921	136 
922	2 
923	140 
924	132 
925	41 
926	120 
927	118 
928	74 
929	128 
930	64 
931	60 
932	104 
933	115 
934	118 
935	154 
936	80 
937	36 
938	106 
939	88 
940	105 
941	60 
942	37 
943	148 
944	20 
945	118 
946	13 
947	158 
948	71 
949	118 
950	70 
951	91 
952	35 
953	19 
954	102 
955	71 
956	10 
957	138 
958	45 
959	43 
960	70 
961	22 
962	114 
963	55 
964	54 
965	46 
966	130 
967	134 
968	88 
969	102 
970	155 
971	41 
972	12 
973	159 
974	13 
975	60 
976	36 
977	56 
978	113 
979	128 
980	23 
981	16 
982	16 
983	18 
984	42 
985	29 
986	56 
987	149 
988	139 
989	9 
990	82 
991	89 
992	71 
993	118 
994	43 
995	113 
996	85 
997	9 
998	83 
999	110 
1000	85 
1001	104 
1002	86 
1003	51 
1004	146 
1005	141 
1006	94 
1007	58 
1008	130 
1009	144 
1010	143 
1011	31 
1012	106 
1013	59 
1014	7 
1015	92 
1016	27 
1017	61 
1018	126 
1019	161 
1020	138 
1021	92 
1022	67 
1023	59 
1024	161 
1025	56 
1026	135 
1027	144 
1028	127 
1029	126 
1030	68 
1031	148 
1032	14 
1033	62 
1034	17 
1035	41 
1036	129 
1037	19 
1038	155 
1039	42 
1040	15 
1041	97 
1042	4 
1043	18 
1044	86 
1045	15 
1046	122 
1047	155 
1048	62 
1049	34 
1050	78 
1051	53 
1052	43 
1053	38 
1054	93 
1055	46 
1056	117 
1057	121 
1058	33 
1059	79 
1060	104 
1061	49 
1062	100 
1063	3 
1064	115 
1065	75 
1066	54 
1067	14 
1068	11 
1069	107 
1070	27 
1071	58 
1072	21 
1073	35 
1074	76 
1075	122 
1076	37 
1077	77 
1078	72 
1079	92 
1080	117 
1081	23 
1082	108 
1083	26 
1084	50 
1085	79 
1086	65 
1087	133 
1088	142 
1089	2 
1090	33 
1091	57 
1092	32 
1093	47 
1094	72 
1095	132 
1096	62 
1097	127 
1098	53 
1099	73 
1100	138 
1101	160 
1102	54 
1103	131 
1104	72 
1105	80 
1106	32 
1107	151 
1108	147 
1109	63 
1110	50 
1111	38 
1112	91 
1113	136 
1114	97 
1115	154 
1116	34 
1117	75 
1118	157 
1119	4 
1120	86 
1121	152 
1122	21 
1123	1 
1124	87 
1125	70 
1126	82 
1127	78 
1128	139 
1129	12 
1130	157 
1131	134 
1132	139 
1133	79 
1134	145 
1135	119 
1136	106 
1137	53 
1138	138 
1139	133 
1140	44 
1141	151 
1142	115 
1143	71 
1144	158 
1145	34 
1146	26 
1147	107 
1148	53 
1149	22 
1150	97 
1151	4 
1152	31 
1153	101 
1154	59 
1155	49 
1156	50 
1157	45 
1158	122 
1159	19 
1160	26 
1161	16 
1162	46 
1163	60 
1164	33 
1165	36 
1166	34 
1167	124 
1168	11 
1169	28 
1170	94 
1171	161 
1172	146 
1173	23 
1174	61 
1175	4 
1176	31 
1177	47 
1178	96 
1179	87 
1180	24 
1181	93 
1182	5 
1183	97 
1184	71 
1185	142 
1186	32 
1187	114 
1188	11 
1189	111 
1190	102 
1191	68 
1192	65 
1193	54 
1194	126 
1195	47 
1196	68 
1197	94 
1198	71 
1199	53 
1200	138 
1201	139 
1202	30 
1203	40 
1204	77 
1205	138 
1206	2 
1207	20 
1208	29 
1209	28 
1210	43 
1211	64 
1212	119 
1213	162 
1214	38 
1215	147 
1216	22 
1217	6 
1218	143 
1219	107 
1220	42 
1221	66 
1222	96 
1223	40 
1224	86 
1225	111 
1226	133 
1227	103 
1228	113 
1229	27 
1230	103 
1231	76 
1232	99 
1233	46 
1234	71 
1235	140 
1236	8 
1237	78 
1238	32 
1239	34 
1240	141 
1241	121 
1242	133 
1243	120 
1244	38 
1245	14 
1246	16 
1247	151 
1248	149 
1249	161 
1250	113 
1251	32 
1252	32 
1253	118 
1254	145 
1255	82 
1256	15 
1257	115 
1258	96 
1259	13 
1260	140 
1261	112 
1262	161 
1263	78 
1264	28 
1265	2 
1266	60 
1267	58 
1268	17 
1269	53 
1270	55 
1271	29 
1272	57 
1273	33 
1274	142 
1275	89 
1276	25 
1277	20 
1278	64 
1279	141 
1280	159 
1281	55 
1282	144 
1283	89 
1284	49 
1285	154 
1286	160 
1287	73 
1288	139 
1289	59 
1290	88 
1291	131 
1292	120 
1293	124 
1294	162 
1295	140 
1296	138 
1297	84 
1298	72 
1299	18 
1300	11 
1301	124 
1302	78 
1303	144 
1304	91 
1305	92 
1306	31 
1307	101 
1308	140 
1309	138 
1310	16 
1311	84 
1312	113 
1313	2 
1314	62 
1315	72 
1316	138 
1317	112 
1318	105 
1319	35 
1320	156 
1321	97 
1322	147 
1323	133 
1324	53 
1325	3 
1326	20 
1327	12 
1328	51 
1329	46 
1330	57 
1331	94 
1332	72 
1333	142 
1334	85 
1335	9 
1336	84 
1337	101 
1338	145 
1339	80 
1340	78 
1341	75 
1342	31 
1343	29 
1344	8 
1345	47 
1346	143 
1347	40 
1348	14 
1349	92 
1350	3 
1351	111 
1352	64 
1353	92 
1354	33 
1355	1 
1356	41 
1357	27 
1358	77 
1359	68 
1360	140 
1361	15 
1362	147 
1363	158 
1364	142 
1365	53 
1366	77 
1367	140 
1368	67 
1369	56 
1370	64 
1371	9 
1372	75 
1373	38 
1374	142 
1375	27 
1376	144 
1377	65 
1378	66 
1379	89 
1380	132 
1381	100 
1382	99 
1383	19 
1384	78 
1385	12 
1386	107 
1387	75 
1388	26 
1389	24 
1390	37 
1391	84 
1392	154 
1393	55 
1394	55 
1395	159 
1396	139 
1397	122 
1398	50 
1399	27 
1400	151 
1401	117 
1402	50 
1403	154 
1404	88 
1405	43 
1406	4 
1407	103 
1408	7 
1409	145 
1410	12 
1411	138 
1412	77 
1413	124 
1414	86 
1415	83 
1416	78 
1417	14 
1418	85 
1419	87 
1420	51 
1421	138 
1422	94 
1423	152 
1424	144 
1425	114 
1426	42 
1427	61 
1428	160 
1429	122 
1430	1 
1431	153 
1432	13 
1433	137 
1434	104 
1435	33 
1436	15 
1437	29 
1438	42 
1439	146 
1440	66 
1441	4 
1442	115 
1443	137 
1444	157 
1445	35 
1446	153 
1447	134 
1448	76 
1449	98 
1450	42 
1451	47 
1452	51 
1453	96 
1454	2 
1455	123 
1456	50 
1457	103 
1458	3 
1459	114 
1460	39 
1461	59 
1462	140 
1463	38 
1464	80 
1465	98 
1466	116 
1467	92 
1468	84 
1469	117 
1470	97 
1471	20 
1472	19 
1473	8 
1474	13 
1475	77 
1476	80 
1477	13 
1478	53 
1479	103 
1480	117 
1481	58 
1482	96 
1483	41 
1484	68 
1485	78 
1486	36 
1487	91 
1488	52 
1489	66 
1490	5 
1491	64 
1492	106 
1493	50 
1494	138 
1495	68 
1496	137 
1497	58 
1498	17 
1499	15 
1500	48 
1501	55 
1502	21 
1503	63 
1504	74 
1505	12 
1506	73 
1507	129 
1508	152 
1509	71 
1510	74 
1511	137 
1512	21 
1513	46 
1514	85 
1515	97 
1516	123 
1517	104 
1518	102 
1519	34 
1520	76 
1521	139 
1522	110 
1523	96 
1524	24 
1525	89 
1526	40 
1527	11 
1528	28 
1529	25 
1530	162 
1531	13 
1532	132 
1533	57 
1534	90 
1535	125 
1536	154 
1537	17 
1538	68 
1539	105 
1540	130 
1541	63 
1542	120 
1543	132 
1544	132 
1545	113 
1546	11 
1547	112 
1548	27 
1549	133 
1550	95 
1551	2 
1552	56 
1553	149 
1554	156 
1555	63 
1556	105 
1557	33 
1558	119 
1559	140 
1560	99 
1561	142 
1562	59 
1563	133 
1564	3 
1565	122 
1566	71 
1567	51 
1568	85 
1569	133 
1570	1 
1571	79 
1572	159 
1573	153 
1574	157 
1575	128 
1576	25 
1577	53 
1578	65 
1579	61 
1580	111 
1581	96 
1582	38 
1583	143 
1584	16 
1585	44 
1586	154 
1587	83 
1588	27 
1589	64 
1590	3 
1591	103 
1592	68 
1593	10 
1594	15 
1595	13 
1596	46 
1597	64 
1598	10 
1599	100 
1600	2 
1601	155 
1602	7 
1603	84 
1604	141 
1605	26 
1606	4 
1607	152 
1608	85 
1609	57 
1610	63 
1611	57 
1612	139 
1613	3 
1614	11 
1615	159 
1616	79 
1617	94 
1618	39 
1619	52 
1620	149 
1621	7 
1622	143 
1623	53 
1624	123 
1625	92 
1626	90 
1627	70 
1628	2 
1629	27 
1630	87 
1631	144 
1632	79 
1633	142 
1634	81 
1635	13 
1636	91 
1637	8 
1638	71 
1639	158 
1640	63 
1641	20 
1642	118 
1643	134 
1644	63 
1645	33 
1646	3 
1647	103 
1648	97 
1649	127 
1650	135 
1651	79 
1652	104 
1653	90 
1654	64 
1655	115 
1656	57 
1657	160 
1658	13 
1659	107 
1660	130 
1661	36 
1662	106 
1663	44 
1664	82 
1665	148 
1666	53 
1667	55 
1668	46 
1669	159 
1670	19 
1671	92 
1672	154 
1673	109 
1674	83 
1675	60 
1676	57 
1677	38 
1678	56 
1679	71 
1680	47 
1681	107 
1682	13 
1683	98 
1684	149 
1685	93 
1686	159 
1687	115 
1688	50 
1689	77 
1690	125 
1691	129 
1692	41 
1693	91 
1694	84 
1695	13 
1696	152 
1697	136 
1698	28 
1699	138 
1700	58 
1701	160 
1702	37 
1703	138 
1704	147 
1705	89 
1706	13 
1707	2 
1708	100 
1709	92 
1710	40 
1711	50 
1712	136 
1713	106 
1714	4 
1715	99 
1716	24 
1717	149 
1718	12 
1719	150 
1720	26 
1721	125 
1722	119 
1723	55 
1724	84 
1725	162 
1726	162 
1727	48 
1728	6 
1729	50 
1730	131 
1731	29 
1732	22 
1733	155 
1734	71 
1735	63 
1736	127 
1737	89 
1738	78 
1739	16 
1740	124 
1741	5 
1742	77 
1743	30 
1744	133 
1745	2 
1746	146 
1747	145 
1748	140 
1749	145 
1750	152 
1751	28 
1752	88 
1753	23 
1754	74 
1755	20 
1756	121 
1757	83 
1758	87 
1759	62 
1760	55 
1761	28 
1762	158 
1763	135 
1764	43 
1765	53 
1766	83 
1767	95 
1768	6 
1769	39 
1770	122 
1771	15 
1772	7 
1773	6 
1774	98 
1775	143 
1776	83 
1777	1 
1778	6 
1779	119 
1780	146 
1781	112 
1782	65 
1783	69 
1784	136 
1785	4 
1786	29 
1787	46 
1788	80 
1789	45 
1790	64 
1791	124 
1792	144 
1793	113 
1794	109 
1795	152 
1796	136 
1797	157 
1798	84 
1799	57 
1800	75 
1801	48 
1802	60 
1803	159 
1804	149 
1805	158 
1806	67 
1807	73 
1808	55 
1809	126 
1810	83 
1811	113 
1812	16 
1813	137 
1814	45 
1815	46 
1816	146 
1817	129 
1818	11 
1819	8 
1820	3 
1821	90 
1822	121 
1823	88 
1824	25 
1825	71 
1826	82 
1827	142 
1828	162 
1829	23 
1830	84 
1831	25 
1832	104 
1833	32 
1834	20 
1835	153 
1836	44 
1837	143 
1838	110 
1839	7 
1840	24 
1841	162 
1842	106 
1843	132 
1844	115 
1845	46 
1846	145 
1847	33 
1848	89 
1849	62 
1850	87 
1851	76 
1852	5 
1853	74 
1854	28 
1855	156 
1856	91 
1857	67 
1858	65 
1859	86 
1860	66 
1861	9 
1862	78 
1863	57 
1864	29 
1865	23 
1866	161 
1867	23 
1868	136 
1869	132 
1870	145 
1871	125 
1872	114 
1873	44 
1874	55 
1875	102 
1876	162 
1877	43 
1878	3 
1879	69 
1880	13 
1881	147 
1882	148 
1883	98 
1884	86 
1885	85 
1886	89 
1887	40 
1888	70 
1889	116 
1890	135 
1891	119 
1892	83 
1893	34 
1894	50 
1895	76 
1896	56 
1897	125 
1898	24 
1899	5 
1900	46 
1901	138 
1902	136 
1903	29 
1904	118 
1905	67 
1906	39 
1907	103 
1908	15 
1909	1 
1910	70 
1911	128 
1912	117 
1913	84 
1914	77 
1915	85 
1916	48 
1917	110 
1918	135 
1919	36 
1920	9 
1921	133 
1922	145 
1923	108 
1924	119 
1925	39 
1926	95 
1927	27 
1928	17 
1929	75 
1930	101 
1931	78 
1932	114 
1933	110 
1934	148 
1935	19 
1936	153 
1937	55 
1938	45 
1939	105 
1940	71 
1941	137 
1942	77 
1943	116 
1944	53 
1945	103 
1946	119 
1947	31 
1948	135 
1949	155 
1950	30 
1951	30 
1952	113 
1953	7 
1954	56 
1955	70 
1956	39 
1957	74 
1958	5 
1959	78 
1960	40 
1961	51 
1962	61 
1963	148 
1964	22 
1965	75 
1966	54 
1967	47 
1968	122 
1969	8 
1970	140 
1971	53 
1972	142 
1973	120 
1974	143 
1975	141 
1976	72 
1977	57 
1978	44 
1979	66 
1980	128 
1981	41 
1982	51 
1983	134 
1984	6 
1985	89 
1986	5 
1987	19 
1988	157 
1989	19 
1990	79 
1991	85 
1992	160 
1993	50 
1994	14 
1995	37 
1996	85 
1997	37 
1998	9 
1999	43 
2000	136 
2001	91 
2002	156 
2003	85 
2004	83 
2005	16 
2006	110 
2007	15 
2008	106 
2009	73 
2010	7 
2011	128 
2012	158 
2013	12 
2014	83 
2015	20 
2016	4 
2017	110 
2018	33 
2019	118 
2020	118 
2021	123 
2022	64 
2023	56 
2024	63 
2025	28 
2026	129 
2027	1 
2028	103 
2029	101 
2030	11 
2031	59 
2032	10 
2033	42 
2034	76 
2035	4 
2036	156 
2037	103 
2038	42 
2039	33 
2040	91 
2041	132 
2042	134 
2043	97 
2044	107 
2045	63 
2046	58 
2047	108 
2048	134 
2049	38 
2050	138 
2051	5 
2052	100 
2053	74 
2054	52 
2055	133 
2056	23 
2057	34 
2058	74 
2059	106 
2060	36 
2061	62 
2062	25 
2063	133 
2064	106 
2065	118 
2066	84 
2067	90 
2068	139 
2069	107 
2070	72 
2071	127 
2072	87 
2073	98 
2074	154 
2075	146 
2076	25 
2077	13 
2078	70 
2079	105 
2080	152 
2081	75 
2082	33 
2083	161 
2084	16 
2085	91 
2086	104 
2087	137 
2088	137 
2089	129 
2090	146 
2091	125 
2092	107 
2093	55 
2094	64 
2095	73 
2096	117 
2097	146 
2098	80 
2099	4 
2100	35 
2101	28 
2102	29 
2103	148 
2104	116 
2105	157 
2106	141 
2107	161 
2108	146 
2109	162 
2110	17 
2111	27 
2112	9 
2113	159 
2114	38 
2115	70 
2116	44 
2117	56 
2118	110 
2119	16 
2120	91 
2121	70 
2122	133 
2123	79 
2124	73 
2125	11 
2126	121 
2127	36 
2128	124 
2129	20 
2130	117 
2131	66 
2132	63 
2133	99 
2134	143 
2135	11 
2136	117 
2137	71 
2138	24 
2139	127 
2140	45 
2141	106 
2142	95 
2143	101 
2144	75 
2145	39 
2146	86 
2147	24 
2148	8 
2149	97 
2150	94 
2151	157 
2152	4 
2153	58 
2154	18 
2155	154 
2156	144 
2157	7 
2158	75 
2159	73 
2160	28 
2161	160 
2162	81 
2163	57 
2164	119 
2165	38 
2166	73 
2167	4 
2168	101 
2169	9 
2170	93 
2171	34 
2172	83 
2173	72 
2174	78 
2175	71 
2176	118 
2177	77 
2178	116 
2179	140 
2180	15 
2181	37 
2182	138 
2183	56 
2184	55 
2185	69 
2186	150 
2187	154 
2188	116 
2189	66 
2190	144 
2191	53 
2192	37 
2193	96 
2194	1 
2195	116 
2196	79 
2197	87 
2198	92 
2199	129 
2200	56 
2201	46 
2202	51 
2203	96 
2204	83 
2205	24 
2206	141 
2207	86 
2208	85 
2209	143 
2210	145 
2211	54 
2212	95 
2213	83 
2214	130 
2215	45 
2216	156 
2217	92 
2218	43 
2219	127 
2220	40 
2221	131 
2222	92 
2223	123 
2224	31 
2225	132 
2226	127 
2227	152 
2228	54 
2229	57 
2230	52 
2231	82 
2232	62 
2233	143 
2234	14 
2235	123 
2236	30 
2237	55 
2238	29 
2239	143 
2240	67 
2241	148 
2242	29 
2243	71 
2244	117 
2245	64 
2246	131 
2247	88 
2248	31 
2249	99 
2250	143 
2251	134 
2252	96 
2253	71 
2254	149 
2255	101 
2256	142 
2257	91 
2258	128 
2259	46 
2260	33 
2261	47 
2262	159 
2263	25 
2264	17 
2265	71 
2266	111 
2267	90 
2268	27 
2269	128 
2270	70 
2271	121 
2272	140 
2273	115 
2274	97 
2275	55 
2276	139 
2277	84 
2278	87 
2279	151 
2280	91 
2281	4 
2282	149 
2283	24 
2284	150 
2285	145 
2286	26 
2287	37 
2288	13 
2289	78 
2290	56 
2291	99 
2292	107 
2293	68 
2294	135 
2295	23 
2296	140 
2297	161 
2298	67 
2299	151 
2300	27 
2301	60 
2302	64 
2303	127 
2304	158 
2305	87 
2306	60 
2307	27 
2308	79 
2309	126 
2310	147 
2311	109 
2312	138 
2313	107 
2314	76 
2315	23 
2316	75 
2317	18 
2318	117 
2319	58 
2320	49 
2321	114 
2322	11 
2323	118 
2324	79 
2325	1 
2326	99 
2327	24 
2328	62 
2329	6 
2330	42 
2331	53 
2332	94 
2333	146 
2334	36 
2335	52 
2336	152 
2337	64 
2338	10 
2339	128 
2340	65 
2341	125 
2342	129 
2343	66 
2344	7 
2345	29 
2346	114 
2347	67 
2348	102 
2349	48 
2350	128 
2351	149 
2352	129 
2353	135 
2354	14 
2355	110 
2356	69 
2357	49 
2358	82 
2359	52 
2360	149 
2361	78 
2362	4 
2363	7 
2364	118 
2365	7 
2366	122 
2367	107 
2368	23 
2369	85 
2370	117 
2371	109 
2372	119 
2373	111 
2374	154 
2375	46 
2376	100 
2377	106 
2378	58 
2379	142 
2380	40 
2381	29 
2382	114 
2383	32 
2384	139 
2385	14 
2386	91 
2387	48 
2388	161 
2389	139 
2390	10 
2391	139 
2392	113 
2393	97 
2394	145 
2395	88 
2396	60 
2397	151 
2398	2 
2399	23 
2400	32 
2401	152 
2402	49 
2403	112 
2404	5 
2405	75 
2406	13 
2407	134 
2408	1 
2409	150 
2410	114 
2411	71 
2412	16 
2413	17 
2414	39 
2415	16 
2416	71 
2417	59 
2418	37 
2419	128 
2420	109 
2421	107 
2422	62 
2423	63 
2424	13 
2425	19 
2426	116 
2427	85 
2428	20 
2429	142 
2430	150 
2431	25 
2432	34 
2433	159 
2434	81 
2435	127 
2436	150 
2437	83 
2438	145 
2439	8 
2440	17 
2441	63 
2442	75 
2443	3 
2444	124 
2445	42 
2446	10 
2447	31 
2448	120 
2449	68 
2450	46 
2451	57 
2452	3 
2453	133 
2454	151 
2455	32 
2456	96 
2457	133 
2458	144 
2459	63 
2460	79 
2461	51 
2462	29 
2463	159 
2464	34 
2465	5 
2466	44 
2467	135 
2468	3 
2469	145 
2470	161 
2471	88 
2472	106 
2473	26 
2474	53 
2475	26 
2476	158 
2477	94 
2478	140 
2479	94 
2480	5 
2481	3 
2482	74 
2483	139 
2484	15 
2485	39 
2486	81 
2487	127 
2488	11 
2489	92 
2490	116 
2491	78 
2492	6 
2493	106 
2494	153 
2495	72 
2496	112 
2497	22 
2498	150 
2499	18 
2500	40 
2501	87 
2502	4 
2503	1 
2504	27 
2505	95 
2506	104 
2507	47 
2508	116 
2509	152 
2510	46 
2511	25 
2512	75 
2513	94 
2514	82 
2515	104 
2516	76 
2517	130 
2518	29 
2519	136 
2520	111 
2521	50 
2522	93 
2523	8 
2524	64 
2525	84 
2526	79 
2527	148 
2528	85 
2529	88 
2530	146 
2531	80 
2532	68 
2533	89 
2534	21 
2535	41 
2536	15 
2537	101 
2538	118 
2539	44 
2540	104 
2541	49 
2542	68 
2543	85 
2544	63 
2545	18 
2546	143 
2547	21 
2548	45 
2549	65 
2550	136 
2551	127 
2552	136 
2553	68 
2554	162 
2555	75 
2556	124 
2557	129 
2558	90 
2559	38 
2560	72 
2561	161 
2562	68 
2563	10 
2564	79 
2565	144 
2566	60 
2567	100 
2568	43 
2569	14 
2570	147 
2571	135 
2572	146 
2573	83 
2574	71 
2575	23 
2576	3 
2577	111 
2578	71 
2579	64 
2580	25 
2581	121 
2582	63 
2583	149 
2584	29 
2585	93 
2586	25 
2587	136 
2588	119 
2589	75 
2590	162 
2591	14 
2592	142 
2593	65 
2594	70 
2595	87 
2596	75 
2597	72 
2598	62 
2599	65 
2600	35 
2601	99 
2602	82 
2603	2 
2604	17 
2605	148 
2606	162 
2607	148 
2608	110 
2609	111 
2610	66 
2611	35 
2612	96 
2613	58 
2614	160 
2615	22 
2616	162 
2617	1 
2618	146 
2619	159 
2620	122 
2621	34 
2622	153 
2623	145 
2624	58 
2625	39 
2626	12 
2627	89 
2628	88 
2629	114 
2630	58 
2631	81 
2632	58 
2633	112 
2634	49 
2635	18 
2636	155 
2637	162 
2638	131 
2639	127 
2640	79 
2641	160 
2642	125 
2643	30 
2644	138 
2645	134 
2646	21 
2647	56 
2648	90 
2649	3 
2650	51 
2651	136 
2652	120 
2653	46 
2654	123 
2655	3 
2656	41 
2657	130 
2658	22 
2659	1 
2660	31 
2661	21 
2662	18 
2663	8 
2664	142 
2665	18 
2666	97 
2667	149 
2668	33 
2669	16 
2670	132 
2671	2 
2672	131 
2673	31 
2674	102 
2675	129 
2676	154 
2677	26 
2678	64 
2679	151 
2680	87 
2681	24 
2682	19 
2683	128 
2684	7 
2685	84 
2686	112 
2687	7 
2688	86 
2689	160 
2690	70 
2691	10 
2692	24 
2693	38 
2694	36 
2695	50 
2696	147 
2697	86 
2698	160 
2699	60 
2700	22 
2701	156 
2702	116 
2703	102 
2704	71 
2705	148 
2706	122 
2707	42 
2708	12 
2709	154 
2710	8 
2711	133 
2712	79 
2713	18 
2714	137 
2715	51 
2716	89 
2717	110 
2718	124 
2719	65 
2720	64 
2721	155 
2722	84 
2723	5 
2724	54 
2725	1 
2726	99 
2727	109 
2728	146 
2729	116 
2730	142 
2731	38 
2732	122 
2733	120 
2734	91 
2735	22 
2736	147 
2737	147 
2738	135 
2739	17 
2740	107 
2741	84 
2742	113 
2743	93 
2744	53 
2745	101 
2746	117 
2747	33 
2748	21 
2749	137 
2750	120 
2751	74 
2752	83 
2753	104 
2754	82 
2755	135 
2756	28 
2757	10 
2758	62 
2759	137 
2760	26 
2761	33 
2762	10 
2763	26 
2764	82 
2765	117 
2766	145 
2767	79 
2768	52 
2769	153 
2770	157 
2771	64 
2772	64 
2773	25 
2774	93 
2775	124 
2776	151 
2777	5 
2778	74 
2779	37 
2780	130 
2781	148 
2782	2 
2783	49 
2784	67 
2785	92 
2786	25 
2787	43 
2788	99 
2789	16 
2790	61 
2791	101 
2792	47 
2793	124 
2794	121 
2795	84 
2796	24 
2797	144 
2798	56 
2799	145 
2800	24 
2801	70 
2802	1 
2803	159 
2804	128 
2805	26 
2806	21 
2807	5 
2808	39 
2809	97 
2810	161 
2811	151 
2812	12 
2813	120 
2814	6 
2815	103 
2816	15 
2817	37 
2818	148 
2819	92 
2820	36 
2821	57 
2822	3 
2823	153 
2824	95 
2825	46 
2826	30 
2827	149 
2828	92 
2829	120 
2830	79 
2831	30 
2832	160 
2833	24 
2834	137 
2835	21 
2836	41 
2837	143 
2838	16 
2839	100 
2840	111 
2841	6 
2842	101 
2843	64 
2844	117 
2845	67 
2846	99 
2847	96 
2848	75 
2849	95 
2850	79 
2851	158 
2852	104 
2853	39 
2854	146 
2855	100 
2856	61 
2857	79 
2858	63 
2859	145 
2860	72 
2861	63 
2862	50 
2863	94 
2864	59 
2865	137 
2866	33 
2867	9 
2868	85 
2869	74 
2870	38 
2871	116 
2872	162 
2873	91 
2874	128 
2875	64 
2876	79 
2877	42 
2878	97 
2879	118 
2880	142 
2881	76 
2882	109 
2883	48 
2884	5 
2885	150 
2886	90 
2887	41 
2888	150 
2889	110 
2890	151 
2891	96 
2892	60 
2893	156 
2894	90 
2895	11 
2896	49 
2897	39 
2898	95 
2899	30 
2900	122 
2901	100 
2902	47 
2903	156 
2904	2 
2905	157 
2906	68 
2907	89 
2908	118 
2909	61 
2910	49 
2911	153 
2912	160 
2913	6 
2914	6 
2915	161 
2916	13 
2917	60 
2918	57 
2919	103 
2920	157 
2921	22 
2922	148 
2923	23 
2924	158 
2925	24 
2926	47 
2927	45 
2928	135 
2929	120 
2930	72 
2931	83 
2932	52 
2933	97 
2934	148 
2935	61 
2936	92 
2937	146 
2938	102 
2939	27 
2940	128 
2941	9 
2942	116 
2943	12 
2944	149 
2945	106 
2946	54 
2947	159 
2948	7 
2949	157 
2950	63 
2951	68 
2952	83 
2953	77 
2954	154 
2955	140 
2956	157 
2957	155 
2958	32 
2959	76 
2960	86 
2961	23 
2962	107 
2963	53 
2964	34 
2965	6 
2966	143 
2967	116 
2968	13 
2969	60 
2970	124 
2971	148 
2972	54 
2973	60 
2974	63 
2975	152 
2976	47 
2977	8 
2978	157 
2979	152 
2980	152 
2981	161 
2982	39 
2983	73 
2984	5 
2985	50 
2986	2 
2987	126 
2988	121 
2989	95 
2990	39 
2991	155 
2992	109 
2993	145 
2994	3 
2995	88 
2996	162 
2997	6 
2998	37 
2999	124 
3000	104 
3001	2 
3002	38 
3003	80 
3004	19 
3005	25 
3006	72 
3007	14 
3008	41 
3009	13 
3010	33 
3011	92 
3012	153 
3013	72 
3014	11 
3015	65 
3016	53 
3017	4 
3018	127 
3019	45 
3020	122 
3021	33 
3022	76 
3023	106 
3024	59 
3025	42 
3026	144 
3027	143 
3028	87 
3029	49 
3030	122 
3031	74 
3032	14 
3033	82 
3034	76 
3035	25 
3036	76 
3037	41 
3038	59 
3039	43 
3040	63 
3041	137 
3042	9 
3043	44 
3044	141 
3045	147 
3046	142 
3047	64 
3048	7 
3049	96 
3050	65 
3051	88 
3052	114 
3053	138 
3054	62 
3055	78 
3056	114 
3057	105 
3058	108 
3059	156 
3060	148 
3061	122 
3062	77 
3063	54 
3064	161 
3065	81 
3066	75 
3067	152 
3068	137 
3069	45 
3070	76 
3071	16 
3072	12 
3073	19 
3074	161 
3075	41 
3076	15 
3077	53 
3078	88 
3079	52 
3080	62 
3081	26 
3082	1 
3083	19 
3084	44 
3085	35 
3086	149 
3087	12 
3088	69 
3089	126 
3090	11 
3091	1 
3092	29 
3093	149 
3094	80 
3095	88 
3096	119 
3097	89 
3098	43 
3099	65 
3100	62 
3101	38 
3102	127 
3103	70 
3104	89 
3105	18 
3106	75 
3107	7 
3108	1 
3109	11 
3110	64 
3111	62 
3112	38 
3113	122 
3114	67 
3115	150 
3116	109 
3117	70 
3118	128 
3119	112 
3120	6 
3121	71 
3122	122 
3123	120 
3124	74 
3125	139 
3126	35 
3127	81 
3128	52 
3129	23 
3130	83 
3131	25 
3132	151 
3133	23 
3134	124 
3135	19 
3136	19 
3137	79 
3138	74 
3139	161 
3140	107 
3141	29 
3142	97 
3143	108 
3144	136 
3145	99 
3146	122 
3147	110 
3148	162 
3149	103 
3150	38 
3151	67 
3152	54 
3153	74 
3154	157 
3155	6 
3156	4 
3157	78 
3158	127 
3159	57 
3160	139 
3161	160 
3162	25 
3163	75 
3164	58 
3165	107 
3166	158 
3167	50 
3168	94 
3169	61 
3170	88 
3171	87 
3172	137 
3173	146 
3174	154 
3175	61 
3176	125 
3177	147 
3178	28 
3179	118 
3180	2 
3181	23 
3182	12 
3183	91 
3184	156 
3185	22 
3186	86 
3187	158 
3188	10 
3189	95 
3190	145 
3191	24 
3192	84 
3193	48 
3194	64 
3195	154 
3196	117 
3197	34 
3198	96 
3199	134 
3200	6 
3201	147 
3202	8 
3203	13 
3204	125 
3205	101 
3206	127 
3207	60 
3208	33 
3209	39 
3210	7 
3211	78 
3212	149 
3213	87 
3214	55 
3215	153 
3216	153 
3217	150 
3218	29 
3219	144 
3220	116 
3221	113 
3222	33 
3223	135 
3224	82 
3225	9 
3226	109 
3227	10 
3228	108 
3229	145 
3230	161 
3231	88 
3232	139 
3233	67 
3234	120 
3235	133 
3236	19 
3237	40 
3238	148 
3239	117 
3240	67 
3241	90 
3242	24 
3243	46 
3244	115 
3245	44 
3246	70 
3247	77 
3248	42 
3249	161 
3250	140 
3251	26 
3252	32 
3253	65 
3254	1 
3255	2 
3256	71 
3257	100 
3258	158 
3259	114 
3260	58 
3261	112 
3262	117 
3263	46 
3264	26 
3265	24 
3266	161 
3267	146 
3268	74 
3269	42 
3270	159 
3271	146 
3272	88 
3273	33 
3274	106 
3275	16 
3276	74 
3277	60 
3278	37 
3279	153 
3280	161 
3281	9 
3282	158 
3283	50 
3284	25 
3285	118 
3286	13 
3287	71 
3288	75 
3289	59 
3290	151 
3291	106 
3292	135 
3293	11 
3294	131 
3295	59 
3296	150 
3297	53 
3298	97 
3299	24 
3300	4 
3301	106 
3302	89 
3303	61 
3304	127 
3305	44 
3306	108 
3307	30 
3308	122 
3309	78 
3310	81 
3311	25 
3312	60 
3313	33 
3314	94 
3315	143 
3316	137 
3317	103 
3318	21 
3319	154 
3320	108 
3321	59 
3322	47 
3323	143 
3324	67 
3325	2 
3326	26 
3327	47 
3328	80 
3329	54 
3330	148 
3331	24 
3332	2 
3333	76 
3334	145 
3335	72 
3336	58 
3337	108 
3338	28 
3339	11 
3340	141 
3341	101 
3342	42 
3343	80 
3344	133 
3345	9 
3346	45 
3347	118 
3348	131 
3349	35 
3350	139 
3351	161 
3352	62 
3353	26 
3354	77 
3355	29 
3356	28 
3357	63 
3358	18 
3359	111 
3360	9 
3361	148 
3362	30 
3363	3 
3364	21 
3365	80 
3366	10 
3367	131 
3368	124 
3369	97 
3370	138 
3371	149 
3372	156 
3373	44 
3374	41 
3375	139 
3376	2 
3377	97 
3378	105 
3379	85 
3380	109 
3381	145 
3382	72 
3383	71 
3384	62 
3385	144 
3386	106 
3387	78 
3388	13 
3389	64 
3390	25 
3391	34 
3392	51 
3393	72 
3394	100 
3395	63 
3396	24 
3397	162 
3398	52 
3399	7 
3400	42 
3401	64 
3402	131 
3403	138 
3404	159 
3405	4 
3406	153 
3407	144 
3408	115 
3409	84 
3410	87 
3411	68 
3412	114 
3413	48 
3414	67 
3415	1 
3416	143 
3417	141 
3418	23 
3419	33 
3420	92 
3421	91 
3422	60 
3423	12 
3424	127 
3425	62 
3426	31 
3427	129 
3428	134 
3429	30 
3430	24 
3431	85 
3432	30 
3433	150 
3434	90 
3435	15 
3436	118 
3437	115 
3438	17 
3439	81 
3440	142 
3441	10 
3442	30 
3443	17 
3444	130 
3445	126 
3446	92 
3447	87 
3448	159 
3449	43 
3450	29 
3451	71 
3452	48 
3453	156 
3454	59 
3455	109 
3456	139 
3457	94 
3458	159 
3459	81 
3460	158 
3461	10 
3462	53 
3463	137 
3464	39 
3465	150 
3466	149 
3467	25 
3468	152 
3469	105 
3470	18 
3471	18 
3472	20 
3473	145 
3474	25 
3475	93 
3476	5 
3477	27 
3478	125 
3479	124 
3480	151 
3481	101 
3482	84 
3483	74 
3484	95 
3485	70 
3486	103 
3487	79 
3488	65 
3489	57 
3490	58 
3491	66 
3492	44 
3493	9 
3494	144 
3495	153 
3496	161 
3497	144 
3498	43 
3499	85 
3500	146 
3501	123 
3502	100 
3503	25 
3504	29 
3505	53 
3506	8 
3507	83 
3508	154 
3509	122 
3510	96 
3511	58 
3512	126 
3513	61 
3514	98 
3515	34 
3516	157 
3517	122 
3518	146 
3519	16 
3520	37 
3521	149 
3522	157 
3523	52 
3524	38 
3525	153 
3526	93 
3527	65 
3528	136 
3529	74 
3530	40 
3531	27 
3532	30 
3533	86 
3534	92 
3535	145 
3536	63 
3537	45 
3538	109 
3539	52 
3540	44 
3541	33 
3542	120 
3543	89 
3544	70 
3545	80 
3546	14 
3547	37 
3548	104 
3549	12 
3550	162 
3551	143 
3552	39 
3553	105 
3554	152 
3555	136 
3556	3 
3557	10 
3558	68 
3559	144 
3560	53 
3561	6 
3562	4 
3563	126 
3564	97 
3565	53 
3566	139 
3567	46 
3568	43 
3569	77 
3570	100 
3571	138 
3572	160 
3573	93 
3574	118 
3575	119 
3576	123 
3577	116 
3578	148 
3579	159 
3580	25 
3581	64 
3582	78 
3583	130 
3584	39 
3585	101 
3586	114 
3587	84 
3588	93 
3589	119 
3590	98 
3591	105 
3592	13 
3593	154 
3594	162 
3595	56 
3596	73 
3597	122 
3598	118 
3599	93 
3600	40 
3601	21 
3602	46 
3603	2 
3604	78 
3605	146 
3606	154 
3607	29 
3608	46 
3609	152 
3610	144 
3611	80 
3612	123 
3613	29 
3614	114 
3615	28 
3616	47 
3617	9 
3618	84 
3619	92 
3620	89 
3621	154 
3622	110 
3623	3 
3624	50 
3625	47 
3626	96 
3627	6 
3628	106 
3629	72 
3630	38 
3631	13 
3632	150 
3633	118 
3634	44 
3635	82 
3636	140 
3637	106 
3638	105 
3639	79 
3640	49 
3641	104 
3642	116 
3643	59 
3644	41 
3645	102 
3646	78 
3647	132 
3648	6 
3649	150 
3650	9 
3651	27 
3652	98 
3653	112 
3654	136 
3655	23 
3656	80 
3657	57 
3658	134 
3659	99 
3660	6 
3661	27 
3662	108 
3663	60 
3664	84 
3665	78 
3666	150 
3667	101 
3668	44 
3669	22 
3670	32 
3671	20 
3672	69 
3673	32 
3674	152 
3675	3 
3676	129 
3677	118 
3678	57 
3679	55 
3680	46 
3681	50 
3682	137 
3683	17 
3684	75 
3685	102 
3686	91 
3687	87 
3688	93 
3689	94 
3690	112 
3691	61 
3692	103 
3693	25 
3694	72 
3695	95 
3696	43 
3697	113 
3698	2 
3699	154 
3700	57 
3701	71 
3702	25 
3703	127 
3704	24 
3705	131 
3706	127 
3707	159 
3708	127 
3709	122 
3710	1 
3711	9 
3712	122 
3713	91 
3714	129 
3715	146 
3716	162 
3717	137 
3718	33 
3719	147 
3720	75 
3721	124 
3722	109 
3723	7 
3724	51 
3725	21 
3726	81 
3727	55 
3728	64 
3729	155 
3730	143 
3731	120 
3732	114 
3733	96 
3734	70 
3735	80 
3736	74 
3737	149 
3738	7 
3739	8 
3740	39 
3741	6 
3742	70 
3743	93 
3744	69 
3745	28 
3746	111 
3747	162 
3748	91 
3749	9 
3750	62 
3751	146 
3752	11 
3753	16 
3754	161 
3755	14 
3756	149 
3757	85 
3758	34 
3759	70 
3760	10 
3761	70 
3762	69 
3763	37 
3764	125 
3765	66 
3766	49 
3767	18 
3768	115 
3769	61 
3770	80 
3771	118 
3772	65 
3773	97 
3774	12 
3775	25 
3776	141 
3777	159 
3778	152 
3779	55 
3780	107 
3781	57 
3782	27 
3783	91 
3784	114 
3785	109 
3786	154 
3787	71 
3788	138 
3789	122 
3790	93 
3791	19 
3792	83 
3793	3 
3794	125 
3795	122 
3796	57 
3797	93 
3798	120 
3799	13 
3800	125 
3801	10 
3802	127 
3803	27 
3804	40 
3805	41 
3806	65 
3807	21 
3808	136 
3809	54 
3810	104 
3811	97 
3812	106 
3813	59 
3814	128 
3815	44 
3816	127 
3817	114 
3818	162 
3819	94 
3820	79 
3821	19 
3822	106 
3823	85 
3824	2 
3825	78 
3826	41 
3827	12 
3828	121 
3829	59 
3830	3 
3831	63 
3832	130 
3833	161 
3834	105 
3835	18 
3836	16 
3837	35 
3838	13 
3839	41 
3840	18 
3841	161 
3842	127 
3843	74 
3844	76 
3845	80 
3846	36 
3847	38 
3848	134 
3849	8 
3850	26 
3851	56 
3852	37 
3853	3 
3854	10 
3855	55 
3856	119 
3857	31 
3858	160 
3859	155 
3860	26 
3861	38 
3862	31 
3863	127 
3864	110 
3865	98 
3866	75 
3867	124 
3868	103 
3869	11 
3870	64 
3871	50 
3872	113 
3873	154 
3874	7 
3875	35 
3876	159 
3877	4 
3878	38 
3879	33 
3880	37 
3881	117 
3882	58 
3883	20 
3884	12 
3885	112 
3886	141 
3887	147 
3888	144 
3889	89 
3890	30 
3891	44 
3892	67 
3893	64 
3894	12 
3895	36 
3896	58 
3897	148 
3898	137 
3899	143 
3900	69 
3901	131 
3902	145 
3903	50 
3904	41 
3905	38 
3906	93 
3907	52 
3908	102 
3909	69 
3910	42 
3911	161 
3912	122 
3913	139 
3914	160 
3915	33 
3916	137 
3917	149 
3918	156 
3919	127 
3920	61 
3921	39 
3922	162 
3923	74 
3924	7 
3925	26 
3926	109 
3927	60 
3928	97 
3929	2 
3930	33 
3931	29 
3932	37 
3933	37 
3934	66 
3935	115 
3936	61 
3937	86 
3938	137 
3939	104 
3940	14 
3941	23 
3942	150 
3943	98 
3944	103 
3945	127 
3946	69 
3947	7 
3948	90 
3949	36 
3950	114 
3951	125 
3952	80 
3953	108 
3954	33 
3955	109 
3956	10 
3957	14 
3958	107 
3959	10 
3960	148 
3961	65 
3962	1 
3963	4 
3964	148 
3965	27 
3966	118 
3967	63 
3968	94 
3969	39 
3970	3 
3971	110 
3972	131 
3973	121 
3974	101 
3975	13 
3976	99 
3977	39 
3978	45 
3979	87 
3980	5 
3981	112 
3982	10 
3983	33 
3984	24 
3985	121 
3986	18 
3987	136 
3988	23 
3989	114 
3990	135 
3991	114 
3992	91 
3993	53 
3994	127 
3995	119 
3996	2 
3997	23 
3998	81 
3999	19 
4000	145 
4001	92 
4002	58 
4003	140 
4004	16 
4005	60 
4006	44 
4007	47 
4008	4 
4009	87 
4010	161 
4011	161 
4012	30 
4013	65 
4014	53 
4015	86 
4016	53 
4017	162 
4018	21 
4019	60 
4020	16 
4021	136 
4022	22 
4023	43 
4024	82 
4025	139 
4026	101 
4027	48 
4028	162 
4029	61 
4030	160 
4031	59 
4032	143 
4033	120 
4034	110 
4035	139 
4036	30 
4037	120 
4038	47 
4039	17 
4040	33 
4041	113 
4042	44 
4043	40 
4044	19 
4045	49 
4046	136 
4047	64 
4048	120 
4049	97 
4050	159 
4051	69 
4052	4 
4053	98 
4054	135 
4055	78 
4056	51 
4057	126 
4058	81 
4059	109 
4060	40 
4061	24 
4062	117 
4063	126 
4064	44 
4065	36 
4066	53 
4067	81 
4068	155 
4069	49 
4070	158 
4071	161 
4072	7 
4073	49 
4074	5 
4075	104 
4076	53 
4077	106 
4078	66 
4079	27 
4080	78 
4081	56 
4082	36 
4083	72 
4084	61 
4085	48 
4086	31 
4087	162 
4088	113 
4089	115 
4090	14 
4091	69 
4092	35 
4093	80 
4094	70 
4095	113 
4096	160 
4097	111 
4098	7 
4099	97 
4100	33 
4101	88 
4102	85 
4103	75 
4104	125 
4105	82 
4106	19 
4107	21 
4108	157 
4109	61 
4110	52 
4111	38 
4112	155 
4113	132 
4114	149 
4115	85 
4116	24 
4117	155 
4118	120 
4119	83 
4120	74 
4121	56 
4122	113 
4123	153 
4124	156 
4125	108 
4126	88 
4127	43 
4128	79 
4129	128 
4130	29 
4131	131 
4132	70 
4133	153 
4134	134 
4135	113 
4136	81 
4137	42 
4138	28 
4139	9 
4140	7 
4141	136 
4142	9 
4143	57 
4144	53 
4145	114 
4146	5 
4147	109 
4148	35 
4149	84 
4150	127 
4151	157 
4152	57 
4153	101 
4154	53 
4155	107 
4156	58 
4157	20 
4158	39 
4159	125 
4160	91 
4161	78 
4162	21 
4163	140 
4164	150 
4165	74 
4166	38 
4167	160 
4168	109 
4169	155 
4170	155 
4171	8 
4172	59 
4173	2 
4174	147 
4175	92 
4176	141 
4177	6 
4178	22 
4179	110 
4180	63 
4181	70 
4182	27 
4183	59 
4184	143 
4185	117 
4186	86 
4187	145 
4188	17 
4189	87 
4190	79 
4191	135 
4192	30 
4193	113 
4194	80 
4195	46 
4196	157 
4197	54 
4198	38 
4199	68 
4200	39 
4201	122 
4202	55 
4203	38 
4204	149 
4205	125 
4206	45 
4207	160 
4208	31 
4209	62 
4210	119 
4211	147 
4212	83 
4213	56 
4214	48 
4215	3 
4216	103 
4217	131 
4218	117 
4219	103 
4220	149 
4221	118 
4222	141 
4223	37 
4224	2 
4225	1 
4226	159 
4227	90 
4228	43 
4229	81 
4230	66 
4231	97 
4232	124 
4233	88 
4234	65 
4235	119 
4236	18 
4237	22 
4238	1 
4239	91 
4240	149 
4241	20 
4242	150 
4243	158 
4244	151 
4245	66 
4246	147 
4247	82 
4248	79 
4249	67 
4250	80 
4251	44 
4252	36 
4253	123 
4254	3 
4255	48 
4256	140 
4257	129 
4258	71 
4259	138 
4260	55 
4261	14 
4262	136 
4263	18 
4264	111 
4265	90 
4266	41 
4267	162 
4268	83 
4269	136 
4270	84 
4271	158 
4272	120 
4273	22 
4274	45 
4275	21 
4276	74 
4277	13 
4278	64 
4279	65 
4280	151 
4281	110 
4282	77 
4283	33 
4284	103 
4285	18 
4286	98 
4287	16 
4288	112 
4289	71 
4290	20 
4291	30 
4292	137 
4293	114 
4294	52 
4295	21 
4296	86 
4297	136 
4298	116 
4299	121 
4300	104 
4301	134 
4302	114 
4303	134 
4304	53 
4305	57 
4306	36 
4307	104 
4308	115 
4309	20 
4310	125 
4311	129 
4312	129 
4313	117 
4314	137 
4315	112 
4316	47 
4317	139 
4318	88 
4319	52 
4320	152 
4321	69 
4322	104 
4323	160 
4324	105 
4325	110 
4326	154 
4327	160 
4328	147 
4329	83 
4330	78 
4331	46 
4332	46 
4333	44 
4334	77 
4335	60 
4336	138 
4337	79 
4338	66 
4339	106 
4340	140 
4341	57 
4342	91 
4343	41 
4344	72 
4345	38 
4346	138 
4347	132 
4348	88 
4349	2 
4350	83 
4351	135 
4352	25 
4353	123 
4354	80 
4355	34 
4356	47 
4357	102 
4358	80 
4359	43 
4360	84 
4361	41 
4362	18 
4363	129 
4364	10 
4365	130 
4366	69 
4367	75 
4368	48 
4369	156 
4370	100 
4371	81 
4372	156 
4373	152 
4374	107 
4375	96 
4376	122 
4377	103 
4378	31 
4379	151 
4380	96 
4381	120 
4382	57 
4383	21 
4384	42 
4385	73 
4386	89 
4387	95 
4388	144 
4389	113 
4390	51 
4391	110 
4392	92 
4393	11 
4394	134 
4395	143 
4396	109 
4397	75 
4398	67 
4399	96 
4400	4 
4401	6 
4402	13 
4403	118 
4404	49 
4405	62 
4406	4 
4407	151 
4408	70 
4409	149 
4410	120 
4411	45 
4412	91 
4413	36 
4414	2 
4415	105 
4416	49 
4417	55 
4418	96 
4419	91 
4420	119 
4421	47 
4422	43 
4423	160 
4424	139 
4425	1 
4426	115 
4427	7 
4428	5 
4429	103 
4430	4 
4431	29 
4432	111 
4433	50 
4434	141 
4435	128 
4436	117 
4437	120 
4438	62 
4439	96 
4440	79 
4441	80 
4442	59 
4443	151 
4444	104 
4445	19 
4446	40 
4447	124 
4448	78 
4449	147 
4450	82 
4451	159 
4452	66 
4453	117 
4454	64 
4455	8 
4456	16 
4457	2 
4458	20 
4459	103 
4460	98 
4461	53 
4462	30 
4463	74 
4464	102 
4465	76 
4466	104 
4467	30 
4468	86 
4469	77 
4470	65 
4471	2 
4472	130 
4473	157 
4474	62 
4475	127 
4476	41 
4477	116 
4478	131 
4479	56 
4480	41 
4481	96 
4482	145 
4483	43 
4484	139 
4485	118 
4486	91 
4487	95 
4488	140 
4489	160 
4490	160 
4491	81 
4492	136 
4493	62 
4494	161 
4495	131 
4496	94 
4497	94 
4498	102 
4499	135 
4500	148 
4501	11 
4502	2 
4503	143 
4504	82 
4505	49 
4506	154 
4507	44 
4508	114 
4509	16 
4510	127 
4511	147 
4512	130 
4513	149 
4514	138 
4515	78 
4516	99 
4517	152 
4518	12 
4519	104 
4520	123 
4521	17 
4522	3 
4523	133 
4524	112 
4525	117 
4526	19 
4527	14 
4528	14 
4529	129 
4530	79 
4531	45 
4532	150 
4533	127 
4534	36 
4535	132 
4536	125 
4537	128 
4538	62 
4539	19 
4540	126 
4541	148 
4542	40 
4543	40 
4544	35 
4545	117 
4546	14 
4547	12 
4548	32 
4549	74 
4550	9 
4551	145 
4552	24 
4553	156 
4554	140 
4555	89 
4556	129 
4557	154 
4558	28 
4559	90 
4560	110 
4561	86 
4562	66 
4563	35 
4564	133 
4565	3 
4566	24 
4567	157 
4568	145 
4569	136 
4570	30 
4571	118 
4572	153 
4573	91 
4574	154 
4575	158 
4576	74 
4577	8 
4578	3 
4579	26 
4580	28 
4581	77 
4582	77 
4583	39 
4584	57 
4585	91 
4586	74 
4587	58 
4588	11 
4589	12 
4590	18 
4591	44 
4592	126 
4593	92 
4594	96 
4595	73 
4596	52 
4597	79 
4598	42 
4599	64 
4600	118 
4601	118 
4602	25 
4603	130 
4604	42 
4605	44 
4606	30 
4607	43 
4608	9 
4609	131 
4610	93 
4611	151 
4612	75 
4613	28 
4614	68 
4615	86 
4616	137 
4617	126 
4618	42 
4619	9 
4620	96 
4621	143 
4622	141 
4623	130 
4624	149 
4625	128 
4626	17 
4627	100 
4628	64 
4629	58 
4630	149 
4631	105 
4632	103 
4633	15 
4634	2 
4635	67 
4636	91 
4637	34 
4638	91 
4639	18 
4640	151 
4641	64 
4642	119 
4643	52 
4644	65 
4645	106 
4646	102 
4647	5 
4648	2 
4649	51 
4650	157 
4651	44 
4652	136 
4653	143 
4654	157 
4655	101 
4656	75 
4657	47 
4658	27 
4659	53 
4660	16 
4661	22 
4662	158 
4663	117 
4664	39 
4665	68 
4666	7 
4667	112 
4668	118 
4669	48 
4670	36 
4671	162 
4672	3 
4673	94 
4674	146 
4675	59 
4676	151 
4677	47 
4678	116 
4679	161 
4680	73 
4681	123 
4682	65 
4683	96 
4684	122 
4685	122 
4686	38 
4687	145 
4688	124 
4689	3 
4690	135 
4691	48 
4692	62 
4693	23 
4694	86 
4695	111 
4696	71 
4697	85 
4698	149 
4699	60 
4700	34 
4701	30 
4702	35 
4703	55 
4704	40 
4705	29 
4706	117 
4707	161 
4708	147 
4709	84 
4710	34 
4711	71 
4712	147 
4713	123 
4714	86 
4715	133 
4716	103 
4717	101 
4718	71 
4719	88 
4720	88 
4721	10 
4722	138 
4723	161 
4724	6 
4725	145 
4726	58 
4727	111 
4728	16 
4729	14 
4730	41 
4731	55 
4732	28 
4733	146 
4734	113 
4735	156 
4736	60 
4737	70 
4738	120 
4739	78 
4740	14 
4741	56 
4742	128 
4743	129 
4744	35 
4745	55 
4746	105 
4747	122 
4748	71 
4749	120 
4750	47 
4751	75 
4752	155 
4753	11 
4754	6 
4755	63 
4756	155 
4757	161 
4758	124 
4759	58 
4760	133 
4761	107 
4762	138 
4763	44 
4764	148 
4765	43 
4766	95 
4767	7 
4768	145 
4769	106 
4770	140 
4771	16 
4772	158 
4773	40 
4774	18 
4775	84 
4776	51 
4777	34 
4778	114 
4779	82 
4780	83 
4781	116 
4782	106 
4783	118 
4784	47 
4785	74 
4786	38 
4787	142 
4788	110 
4789	158 
4790	6 
4791	75 
4792	28 
4793	142 
4794	74 
4795	79 
4796	44 
4797	4 
4798	65 
4799	79 
4800	153 
4801	99 
4802	97 
4803	41 
4804	69 
4805	97 
4806	23 
4807	18 
4808	6 
4809	80 
4810	119 
4811	143 
4812	147 
4813	105 
4814	158 
4815	67 
4816	122 
4817	72 
4818	79 
4819	73 
4820	53 
4821	8 
4822	116 
4823	85 
4824	66 
4825	44 
4826	106 
4827	74 
4828	3 
4829	154 
4830	25 
4831	143 
4832	69 
4833	19 
4834	142 
4835	21 
4836	131 
4837	29 
4838	51 
4839	115 
4840	67 
4841	159 
4842	134 
4843	13 
4844	45 
4845	120 
4846	124 
4847	4 
4848	44 
4849	12 
4850	79 
4851	122 
4852	161 
4853	17 
4854	103 
4855	144 
4856	90 
4857	66 
4858	13 
4859	104 
4860	134 
4861	8 
4862	30 
4863	94 
4864	131 
4865	30 
4866	28 
4867	98 
4868	75 
4869	145 
4870	39 
4871	109 
4872	103 
4873	78 
4874	106 
4875	27 
4876	121 
4877	80 
4878	2 
4879	19 
4880	82 
4881	148 
4882	2 
4883	109 
4884	16 
4885	59 
4886	9 
4887	156 
4888	100 
4889	56 
4890	127 
4891	161 
4892	87 
4893	116 
4894	80 
4895	7 
4896	117 
4897	84 
4898	140 
4899	122 
4900	141 
4901	30 
4902	86 
4903	66 
4904	88 
4905	114 
4906	140 
4907	90 
4908	78 
4909	73 
4910	25 
4911	118 
4912	71 
4913	146 
4914	80 
4915	54 
4916	12 
4917	55 
4918	122 
4919	153 
4920	143 
4921	151 
4922	140 
4923	54 
4924	130 
4925	84 
4926	102 
4927	77 
4928	157 
4929	52 
4930	81 
4931	29 
4932	118 
4933	127 
4934	154 
4935	123 
4936	6 
4937	92 
4938	51 
4939	21 
4940	39 
4941	57 
4942	137 
4943	142 
4944	49 
4945	55 
4946	54 
4947	12 
4948	130 
4949	145 
4950	45 
4951	126 
4952	140 
4953	4 
4954	162 
4955	74 
4956	110 
4957	161 
4958	117 
4959	26 
4960	151 
4961	108 
4962	61 
4963	56 
4964	76 
4965	143 
4966	157 
4967	16 
4968	25 
4969	162 
4970	54 
4971	23 
4972	45 
4973	10 
4974	29 
4975	82 
4976	140 
4977	87 
4978	59 
4979	128 
4980	159 
4981	118 
4982	5 
4983	105 
4984	81 
4985	39 
4986	85 
4987	120 
4988	127 
4989	114 
4990	107 
4991	19 
4992	91 
4993	70 
4994	65 
4995	162 
4996	74 
4997	139 
4998	55 
4999	98 
5000	116 
5001	18 
5002	15 
5003	147 
5004	127 
5005	140 
5006	71 
5007	77 
5008	125 
5009	51 
5010	12 
5011	33 
5012	139 
5013	41 
5014	133 
5015	130 
5016	25 
5017	55 
5018	101 
5019	38 
5020	93 
5021	131 
5022	24 
5023	88 
5024	135 
5025	136 
5026	27 
5027	30 
5028	106 
5029	53 
5030	125 
5031	55 
5032	35 
5033	81 
5034	85 
5035	118 
5036	73 
5037	97 
5038	101 
5039	35 
5040	97 
5041	159 
5042	37 
5043	74 
5044	139 
5045	139 
5046	42 
5047	153 
5048	155 
5049	104 
5050	60 
5051	69 
5052	25 
5053	18 
5054	65 
5055	47 
5056	96 
5057	120 
5058	29 
5059	26 
5060	111 
5061	65 
5062	123 
5063	24 
5064	126 
5065	114 
5066	26 
5067	97 
5068	30 
5069	54 
5070	88 
5071	35 
5072	6 
5073	37 
5074	98 
5075	40 
5076	37 
5077	69 
5078	160 
5079	64 
5080	139 
5081	91 
5082	34 
5083	148 
5084	59 
5085	114 
5086	121 
5087	132 
5088	127 
5089	36 
5090	29 
5091	60 
5092	84 
5093	12 
5094	62 
5095	140 
5096	82 
5097	54 
5098	26 
5099	23 
5100	162 
5101	127 
5102	36 
5103	41 
5104	115 
5105	6 
5106	9 
5107	21 
5108	68 
5109	94 
5110	21 
5111	157 
5112	46 
5113	55 
5114	48 
5115	132 
5116	121 
5117	58 
5118	11 
5119	32 
5120	73 
5121	89 
5122	84 
5123	118 
5124	132 
5125	35 
5126	70 
5127	139 
5128	50 
5129	63 
5130	119 
5131	74 
5132	156 
5133	136 
5134	162 
5135	47 
5136	33 
5137	57 
5138	108 
5139	141 
5140	100 
5141	12 
5142	75 
5143	60 
5144	100 
5145	9 
5146	23 
5147	112 
5148	132 
5149	99 
5150	25 
5151	113 
5152	155 
5153	2 
5154	67 
5155	6 
5156	114 
5157	162 
5158	136 
5159	19 
5160	13 
5161	3 
5162	12 
5163	85 
5164	106 
5165	83 
5166	45 
5167	97 
5168	25 
5169	158 
5170	68 
5171	92 
5172	147 
5173	157 
5174	57 
5175	26 
5176	28 
5177	41 
5178	7 
5179	11 
5180	111 
5181	46 
5182	128 
5183	82 
5184	144 
5185	100 
5186	111 
5187	3 
5188	55 
5189	7 
5190	3 
5191	1 
5192	108 
5193	30 
5194	114 
5195	47 
5196	81 
5197	17 
5198	132 
5199	117 
5200	32 
5201	72 
5202	121 
5203	151 
5204	91 
5205	21 
5206	142 
5207	139 
5208	57 
5209	102 
5210	107 
5211	31 
5212	110 
5213	102 
5214	66 
5215	162 
5216	57 
5217	21 
5218	75 
5219	36 
5220	149 
5221	108 
5222	100 
5223	64 
5224	43 
5225	69 
5226	161 
5227	147 
5228	17 
5229	47 
5230	123 
5231	91 
5232	76 
5233	13 
5234	17 
5235	157 
5236	105 
5237	78 
5238	14 
5239	103 
5240	12 
5241	9 
5242	77 
5243	152 
5244	14 
5245	2 
5246	20 
5247	138 
5248	1 
5249	128 
5250	89 
5251	53 
5252	161 
5253	29 
5254	44 
5255	79 
5256	16 
5257	62 
5258	40 
5259	123 
5260	22 
5261	44 
5262	117 
5263	47 
5264	18 
5265	115 
5266	94 
5267	64 
5268	112 
5269	147 
5270	140 
5271	60 
5272	136 
5273	132 
5274	129 
5275	63 
5276	144 
5277	111 
5278	82 
5279	136 
5280	82 
5281	103 
5282	91 
5283	21 
5284	100 
5285	162 
5286	136 
5287	72 
5288	14 
5289	43 
5290	7 
5291	38 
5292	13 
5293	36 
5294	6 
5295	139 
5296	42 
5297	148 
5298	42 
5299	50 
5300	19 
5301	42 
5302	27 
5303	19 
5304	74 
5305	88 
5306	161 
5307	92 
5308	78 
5309	94 
5310	43 
5311	42 
5312	124 
5313	8 
5314	34 
5315	113 
5316	14 
5317	64 
5318	42 
5319	6 
5320	117 
5321	122 
5322	6 
5323	150 
5324	118 
5325	128 
5326	20 
5327	89 
5328	68 
5329	23 
5330	43 
5331	87 
5332	41 
5333	95 
5334	119 
5335	8 
5336	68 
5337	66 
5338	87 
5339	134 
5340	67 
5341	132 
5342	102 
5343	116 
5344	34 
5345	45 
5346	54 
5347	45 
5348	151 
5349	27 
5350	67 
5351	48 
5352	93 
5353	53 
5354	75 
5355	121 
5356	18 
5357	30 
5358	92 
5359	117 
5360	22 
5361	123 
5362	133 
5363	73 
5364	54 
5365	101 
5366	2 
5367	94 
5368	92 
5369	42 
5370	92 
5371	79 
5372	153 
5373	147 
5374	70 
5375	160 
5376	5 
5377	97 
5378	19 
5379	60 
5380	81 
5381	83 
5382	12 
5383	34 
5384	156 
5385	9 
5386	36 
5387	69 
5388	1 
5389	107 
5390	32 
5391	11 
5392	45 
5393	115 
5394	96 
5395	118 
5396	103 
5397	110 
5398	113 
5399	5 
5400	95 
5401	158 
5402	129 
5403	126 
5404	108 
5405	75 
5406	30 
5407	29 
5408	83 
5409	130 
5410	65 
5411	6 
5412	93 
5413	82 
5414	129 
5415	86 
5416	3 
5417	64 
5418	103 
5419	118 
5420	56 
5421	66 
5422	158 
5423	58 
5424	74 
5425	64 
5426	150 
5427	116 
5428	120 
5429	50 
5430	44 
5431	115 
5432	107 
5433	120 
5434	47 
5435	154 
5436	43 
5437	139 
5438	23 
5439	38 
5440	146 
5441	84 
5442	138 
5443	125 
5444	97 
5445	44 
5446	23 
5447	157 
5448	64 
5449	144 
5450	8 
5451	53 
5452	79 
5453	13 
5454	150 
5455	20 
5456	100 
5457	60 
5458	66 
5459	68 
5460	27 
5461	71 
5462	32 
5463	5 
5464	148 
5465	24 
5466	59 
5467	52 
5468	104 
5469	41 
5470	47 
5471	59 
5472	94 
5473	110 
5474	160 
5475	110 
5476	92 
5477	144 
5478	129 
5479	147 
5480	146 
5481	137 
5482	4 
5483	53 
5484	95 
5485	67 
5486	107 
5487	97 
5488	58 
5489	66 
5490	16 
5491	149 
5492	103 
5493	105 
5494	43 
5495	18 
5496	93 
5497	91 
5498	153 
5499	133 
5500	125 
5501	32 
5502	63 
5503	62 
5504	87 
5505	126 
5506	66 
5507	146 
5508	154 
5509	30 
5510	151 
5511	113 
5512	121 
5513	77 
5514	135 
5515	131 
5516	38 
5517	57 
5518	106 
5519	71 
5520	126 
5521	91 
5522	143 
5523	78 
5524	117 
5525	161 
5526	54 
5527	114 
5528	79 
5529	3 
5530	109 
5531	21 
5532	88 
5533	107 
5534	146 
5535	13 
5536	161 
5537	141 
5538	87 
5539	20 
5540	130 
5541	112 
5542	158 
5543	145 
5544	155 
5545	73 
5546	29 
5547	84 
5548	5 
5549	128 
5550	113 
5551	17 
5552	21 
5553	65 
5554	85 
5555	159 
5556	26 
5557	127 
5558	116 
5559	123 
5560	35 
5561	87 
5562	145 
5563	124 
5564	49 
5565	52 
5566	73 
5567	56 
5568	40 
5569	22 
5570	103 
5571	119 
5572	13 
5573	77 
5574	17 
5575	103 
5576	122 
5577	158 
5578	162 
5579	71 
5580	162 
5581	112 
5582	37 
5583	4 
5584	34 
5585	106 
5586	145 
5587	37 
5588	7 
5589	123 
5590	78 
5591	41 
5592	134 
5593	51 
5594	21 
5595	84 
5596	107 
5597	74 
5598	109 
5599	36 
5600	106 
5601	89 
5602	104 
5603	54 
5604	32 
5605	11 
5606	83 
5607	108 
5608	60 
5609	109 
5610	118 
5611	53 
5612	7 
5613	99 
5614	42 
5615	9 
5616	77 
5617	142 
5618	64 
5619	87 
5620	23 
5621	101 
5622	47 
5623	67 
5624	114 
5625	25 
5626	43 
5627	44 
5628	118 
5629	95 
5630	73 
5631	17 
5632	147 
5633	136 
5634	3 
5635	20 
5636	72 
5637	80 
5638	152 
5639	59 
5640	144 
5641	107 
5642	162 
5643	57 
5644	105 
5645	82 
5646	17 
5647	103 
5648	116 
5649	91 
5650	90 
5651	137 
5652	128 
5653	11 
5654	101 
5655	18 
5656	80 
5657	109 
5658	86 
5659	149 
5660	128 
5661	146 
5662	41 
5663	47 
5664	58 
5665	24 
5666	127 
5667	146 
5668	6 
5669	74 
5670	113 
5671	14 
5672	32 
5673	44 
5674	16 
5675	54 
5676	1 
5677	21 
5678	120 
5679	55 
5680	52 
5681	127 
5682	89 
5683	87 
5684	92 
5685	148 
5686	9 
5687	134 
5688	155 
5689	82 
5690	161 
5691	141 
5692	12 
5693	96 
5694	50 
5695	32 
5696	62 
5697	16 
5698	24 
5699	78 
5700	127 
5701	122 
5702	112 
5703	107 
5704	72 
5705	127 
5706	9 
5707	93 
5708	97 
5709	151 
5710	103 
5711	89 
5712	117 
5713	92 
5714	98 
5715	149 
5716	55 
5717	70 
5718	136 
5719	60 
5720	127 
5721	70 
5722	45 
5723	28 
5724	26 
5725	105 
5726	45 
5727	128 
5728	14 
5729	136 
5730	100 
5731	91 
5732	117 
5733	125 
5734	31 
5735	142 
5736	67 
5737	106 
5738	10 
5739	62 
5740	137 
5741	50 
5742	116 
5743	89 
5744	25 
5745	77 
5746	152 
5747	9 
5748	26 
5749	133 
5750	74 
5751	10 
5752	72 
5753	24 
5754	101 
5755	132 
5756	161 
5757	126 
5758	55 
5759	94 
5760	31 
5761	81 
5762	65 
5763	42 
5764	91 
5765	73 
5766	59 
5767	83 
5768	94 
5769	34 
5770	44 
5771	150 
5772	7 
5773	9 
5774	16 
5775	138 
5776	81 
5777	29 
5778	22 
5779	94 
5780	139 
5781	53 
5782	138 
5783	90 
5784	48 
5785	75 
5786	126 
5787	154 
5788	34 
5789	94 
5790	53 
5791	119 
5792	81 
5793	44 
5794	115 
5795	20 
5796	1 
5797	99 
5798	118 
5799	38 
5800	76 
5801	53 
5802	4 
5803	27 
5804	45 
5805	37 
5806	128 
5807	110 
5808	7 
5809	51 
5810	114 
5811	2 
5812	142 
5813	3 
5814	122 
5815	125 
5816	93 
5817	154 
5818	17 
5819	150 
5820	111 
5821	72 
5822	123 
5823	109 
5824	12 
5825	156 
5826	143 
5827	2 
5828	55 
5829	29 
5830	4 
5831	61 
5832	8 
5833	59 
5834	100 
5835	65 
5836	102 
5837	97 
5838	78 
5839	42 
5840	65 
5841	9 
5842	141 
5843	135 
5844	110 
5845	89 
5846	103 
5847	145 
5848	52 
5849	86 
5850	30 
5851	141 
5852	135 
5853	86 
5854	117 
5855	109 
5856	9 
5857	116 
5858	87 
5859	57 
5860	148 
5861	93 
5862	30 
5863	55 
5864	12 
5865	36 
5866	93 
5867	21 
5868	45 
5869	74 
5870	34 
5871	116 
5872	72 
5873	104 
5874	154 
5875	100 
5876	150 
5877	4 
5878	70 
5879	44 
5880	69 
5881	151 
5882	101 
5883	81 
5884	4 
5885	33 
5886	96 
5887	21 
5888	146 
5889	88 
5890	16 
5891	80 
5892	160 
5893	136 
5894	42 
5895	126 
5896	66 
5897	156 
5898	40 
5899	161 
5900	78 
5901	3 
5902	45 
5903	35 
5904	45 
5905	12 
5906	128 
5907	119 
5908	10 
5909	45 
5910	143 
5911	40 
5912	17 
5913	156 
5914	44 
5915	38 
5916	67 
5917	70 
5918	17 
5919	9 
5920	134 
5921	107 
5922	84 
5923	122 
5924	162 
5925	58 
5926	50 
5927	120 
5928	103 
5929	145 
5930	32 
5931	107 
5932	135 
5933	157 
5934	82 
5935	6 
5936	33 
5937	22 
5938	23 
5939	31 
5940	67 
5941	81 
5942	122 
5943	21 
5944	146 
5945	70 
5946	47 
5947	18 
5948	103 
5949	6 
5950	107 
5951	2 
5952	70 
5953	113 
5954	16 
5955	95 
5956	85 
5957	2 
5958	29 
5959	18 
5960	110 
5961	145 
5962	91 
5963	85 
5964	155 
5965	53 
5966	138 
5967	125 
5968	22 
5969	13 
5970	9 
5971	83 
5972	53 
5973	57 
5974	141 
5975	21 
5976	49 
5977	34 
5978	23 
5979	150 
5980	14 
5981	101 
5982	117 
5983	55 
5984	79 
5985	103 
5986	135 
5987	99 
5988	38 
5989	103 
5990	7 
5991	159 
5992	101 
5993	102 
5994	7 
5995	21 
5996	127 
5997	62 
5998	159 
5999	152 
6000	67 
6001	104 
6002	68 
6003	9 
6004	70 
6005	145 
6006	120 
6007	76 
6008	112 
6009	25 
6010	145 
6011	67 
6012	81 
6013	88 
6014	48 
6015	69 
6016	58 
6017	9 
6018	50 
6019	30 
6020	71 
6021	39 
6022	124 
6023	98 
6024	17 
6025	101 
6026	112 
6027	72 
6028	60 
6029	121 
6030	137 
6031	101 
6032	8 
6033	37 
6034	79 
6035	99 
6036	2 
6037	96 
6038	90 
6039	152 
6040	142 
6041	70 
6042	148 
6043	71 
6044	26 
6045	83 
6046	7 
6047	83 
6048	78 
6049	16 
6050	122 
6051	121 
6052	49 
6053	40 
6054	17 
6055	99 
6056	54 
6057	127 
6058	23 
6059	70 
6060	13 
6061	145 
6062	37 
6063	120 
6064	94 
6065	72 
6066	105 
6067	125 
6068	82 
6069	134 
6070	24 
6071	26 
6072	105 
6073	73 
6074	33 
6075	95 
6076	51 
6077	112 
6078	91 
6079	7 
6080	25 
6081	19 
6082	37 
6083	18 
6084	72 
6085	133 
6086	121 
6087	12 
6088	8 
6089	118 
6090	69 
6091	14 
6092	102 
6093	154 
6094	114 
6095	79 
6096	69 
6097	2 
6098	60 
6099	156 
6100	4 
6101	148 
6102	17 
6103	104 
6104	119 
6105	4 
6106	104 
6107	7 
6108	48 
6109	15 
6110	54 
6111	140 
6112	64 
6113	147 
6114	22 
6115	142 
6116	98 
6117	154 
6118	1 
6119	95 
6120	67 
6121	31 
6122	48 
6123	36 
6124	25 
6125	117 
6126	118 
6127	114 
6128	16 
6129	71 
6130	7 
6131	153 
6132	87 
6133	11 
6134	39 
6135	36 
6136	89 
6137	161 
6138	66 
6139	155 
6140	143 
6141	21 
6142	19 
6143	41 
6144	13 
6145	109 
6146	62 
6147	153 
6148	35 
6149	42 
6150	27 
6151	20 
6152	150 
6153	42 
6154	157 
6155	43 
6156	149 
6157	89 
6158	57 
6159	76 
6160	8 
6161	140 
6162	79 
6163	41 
6164	47 
6165	17 
6166	48 
6167	116 
6168	105 
6169	152 
6170	64 
6171	118 
6172	136 
6173	60 
6174	52 
6175	15 
6176	3 
6177	46 
6178	117 
6179	72 
6180	119 
6181	16 
6182	87 
6183	152 
6184	74 
6185	130 
6186	106 
6187	108 
6188	25 
6189	103 
6190	88 
6191	42 
6192	111 
6193	128 
6194	149 
6195	25 
6196	59 
6197	7 
6198	97 
6199	113 
6200	44 
6201	30 
6202	140 
6203	127 
6204	149 
6205	125 
6206	108 
6207	112 
6208	114 
6209	80 
6210	132 
6211	20 
6212	162 
6213	24 
6214	153 
6215	35 
6216	143 
6217	153 
6218	76 
6219	156 
6220	45 
6221	60 
6222	80 
6223	44 
6224	71 
6225	92 
6226	125 
6227	67 
6228	154 
6229	35 
6230	23 
6231	67 
6232	38 
6233	87 
6234	51 
6235	154 
6236	122 
6237	79 
6238	121 
6239	115 
6240	27 
6241	144 
6242	92 
6243	94 
6244	149 
6245	80 
6246	105 
6247	145 
6248	58 
6249	54 
6250	128 
6251	156 
6252	9 
6253	96 
6254	84 
6255	115 
6256	84 
6257	1 
6258	68 
6259	21 
6260	50 
6261	93 
6262	150 
6263	40 
6264	151 
6265	145 
6266	43 
6267	42 
6268	85 
6269	121 
6270	85 
6271	70 
6272	52 
6273	119 
6274	85 
6275	18 
6276	89 
6277	39 
6278	110 
6279	27 
6280	29 
6281	40 
6282	109 
6283	15 
6284	94 
6285	21 
6286	4 
6287	50 
6288	161 
6289	58 
6290	2 
6291	96 
6292	129 
6293	67 
6294	60 
6295	158 
6296	98 
6297	64 
6298	8 
6299	96 
6300	149 
6301	23 
6302	75 
6303	84 
6304	149 
6305	128 
6306	33 
6307	110 
6308	13 
6309	147 
6310	3 
6311	30 
6312	83 
6313	137 
6314	103 
6315	12 
6316	142 
6317	162 
6318	94 
6319	157 
6320	103 
6321	115 
6322	149 
6323	42 
6324	73 
6325	149 
6326	5 
6327	36 
6328	157 
6329	100 
6330	58 
6331	27 
6332	25 
6333	28 
6334	127 
6335	31 
6336	119 
6337	76 
6338	128 
6339	18 
6340	147 
6341	144 
6342	104 
6343	92 
6344	130 
6345	65 
6346	84 
6347	129 
6348	99 
6349	46 
6350	118 
6351	115 
6352	98 
6353	147 
6354	101 
6355	1 
6356	70 
6357	27 
6358	46 
6359	63 
6360	30 
6361	55 
6362	136 
6363	75 
6364	27 
6365	39 
6366	92 
6367	91 
6368	154 
6369	122 
6370	43 
6371	137 
6372	130 
6373	156 
6374	72 
6375	7 
6376	148 
6377	154 
6378	89 
6379	98 
6380	66 
6381	75 
6382	79 
6383	120 
6384	79 
6385	51 
6386	69 
6387	101 
6388	14 
6389	7 
6390	96 
6391	96 
6392	38 
6393	106 
6394	55 
6395	162 
6396	25 
6397	80 
6398	83 
6399	14 
6400	130 
6401	45 
6402	82 
6403	7 
6404	133 
6405	115 
6406	162 
6407	82 
6408	119 
6409	85 
6410	100 
6411	17 
6412	99 
6413	6 
6414	15 
6415	63 
6416	95 
6417	62 
6418	6 
6419	11 
6420	75 
6421	115 
6422	30 
6423	68 
6424	137 
6425	28 
6426	117 
6427	17 
6428	44 
6429	102 
6430	81 
6431	144 
6432	19 
6433	96 
6434	81 
6435	139 
6436	108 
6437	91 
6438	34 
6439	117 
6440	150 
6441	2 
6442	126 
6443	5 
6444	92 
6445	71 
6446	20 
6447	82 
6448	92 
6449	108 
6450	50 
6451	52 
6452	126 
6453	85 
6454	143 
6455	74 
6456	44 
6457	12 
6458	17 
6459	65 
6460	16 
6461	140 
6462	27 
6463	46 
6464	129 
6465	161 
6466	117 
6467	160 
6468	79 
6469	154 
6470	12 
6471	84 
6472	72 
6473	140 
6474	134 
6475	83 
6476	110 
6477	96 
6478	12 
6479	10 
6480	51 
6481	3 
6482	66 
6483	75 
6484	98 
6485	89 
6486	99 
6487	27 
6488	138 
6489	118 
6490	33 
6491	76 
6492	150 
6493	160 
6494	29 
6495	130 
6496	128 
6497	153 
6498	79 
6499	43 
6500	88 
6501	25 
6502	7 
6503	140 
6504	145 
6505	80 
6506	40 
6507	32 
6508	45 
6509	44 
6510	21 
6511	53 
6512	116 
6513	68 
6514	47 
6515	70 
6516	48 
6517	144 
6518	161 
6519	159 
6520	108 
6521	117 
6522	97 
6523	19 
6524	162 
6525	44 
6526	11 
6527	156 
6528	111 
6529	152 
6530	4 
6531	7 
6532	2 
6533	19 
6534	48 
6535	127 
6536	134 
6537	92 
6538	89 
6539	44 
6540	137 
6541	123 
6542	77 
6543	65 
6544	153 
6545	17 
6546	44 
6547	106 
6548	61 
6549	7 
6550	123 
6551	21 
6552	9 
6553	107 
6554	78 
6555	148 
6556	93 
6557	137 
6558	111 
6559	128 
6560	40 
6561	3 
6562	112 
6563	140 
6564	160 
6565	41 
6566	106 
6567	84 
6568	83 
6569	24 
6570	20 
6571	19 
6572	84 
6573	139 
6574	120 
6575	103 
6576	55 
6577	64 
6578	50 
6579	49 
6580	94 
6581	36 
6582	47 
6583	6 
6584	142 
6585	65 
6586	4 
6587	143 
6588	78 
6589	159 
6590	21 
6591	139 
6592	117 
6593	118 
6594	145 
6595	131 
6596	140 
6597	31 
6598	130 
6599	74 
6600	27 
6601	113 
6602	14 
6603	101 
6604	67 
6605	132 
6606	23 
6607	83 
6608	34 
6609	110 
6610	63 
6611	55 
6612	60 
6613	134 
6614	131 
6615	103 
6616	126 
6617	136 
6618	120 
6619	155 
6620	140 
6621	128 
6622	29 
6623	57 
6624	28 
6625	8 
6626	154 
6627	34 
6628	36 
6629	30 
6630	92 
6631	67 
6632	148 
6633	40 
6634	4 
6635	143 
6636	70 
6637	10 
6638	108 
6639	46 
6640	79 
6641	91 
6642	77 
6643	87 
6644	105 
6645	112 
6646	153 
6647	38 
6648	69 
6649	34 
6650	135 
6651	71 
6652	97 
6653	67 
6654	97 
6655	60 
6656	9 
6657	85 
6658	96 
6659	21 
6660	114 
6661	69 
6662	89 
6663	145 
6664	93 
6665	99 
6666	104 
6667	129 
6668	103 
6669	55 
6670	54 
6671	139 
6672	94 
6673	161 
6674	19 
6675	127 
6676	67 
6677	107 
6678	90 
6679	96 
6680	68 
6681	126 
6682	92 
6683	12 
6684	123 
6685	24 
6686	57 
6687	129 
6688	39 
6689	73 
6690	162 
6691	114 
6692	93 
6693	146 
6694	83 
6695	5 
6696	49 
6697	20 
6698	19 
6699	100 
6700	7 
6701	128 
6702	142 
6703	66 
6704	148 
6705	149 
6706	145 
6707	159 
6708	141 
6709	24 
6710	91 
6711	114 
6712	99 
6713	9 
6714	66 
6715	75 
6716	131 
6717	67 
6718	109 
6719	64 
6720	54 
6721	126 
6722	72 
6723	122 
6724	140 
6725	136 
6726	55 
6727	122 
6728	120 
6729	81 
6730	133 
6731	27 
6732	53 
6733	8 
6734	6 
6735	132 
6736	103 
6737	103 
6738	35 
6739	124 
6740	8 
6741	81 
6742	158 
6743	60 
6744	83 
6745	13 
6746	87 
6747	158 
6748	88 
6749	23 
6750	124 
6751	83 
6752	2 
6753	96 
6754	146 
6755	41 
6756	10 
6757	75 
6758	155 
6759	40 
6760	102 
6761	9 
6762	136 
6763	70 
6764	1 
6765	81 
6766	162 
6767	105 
6768	4 
6769	65 
6770	117 
6771	18 
6772	141 
6773	124 
6774	76 
6775	147 
6776	62 
6777	121 
6778	103 
6779	66 
6780	102 
6781	104 
6782	13 
6783	80 
6784	160 
6785	51 
6786	38 
6787	12 
6788	158 
6789	69 
6790	4 
6791	72 
6792	88 
6793	70 
6794	11 
6795	42 
6796	43 
6797	89 
6798	141 
6799	150 
6800	134 
6801	11 
6802	130 
6803	129 
6804	77 
6805	162 
6806	25 
6807	94 
6808	111 
6809	14 
6810	92 
6811	118 
6812	92 
6813	4 
6814	60 
6815	110 
6816	38 
6817	99 
6818	6 
6819	128 
6820	38 
6821	77 
6822	97 
6823	41 
6824	27 
6825	32 
6826	43 
6827	98 
6828	80 
6829	147 
6830	3 
6831	155 
6832	64 
6833	159 
6834	7 
6835	141 
6836	17 
6837	112 
6838	131 
6839	76 
6840	13 
6841	9 
6842	80 
6843	58 
6844	106 
6845	95 
6846	53 
6847	62 
6848	115 
6849	40 
6850	103 
6851	16 
6852	27 
6853	49 
6854	60 
6855	93 
6856	61 
6857	98 
6858	129 
6859	148 
6860	68 
6861	16 
6862	1 
6863	7 
6864	25 
6865	10 
6866	148 
6867	20 
6868	51 
6869	96 
6870	61 
6871	18 
6872	13 
6873	27 
6874	116 
6875	22 
6876	142 
6877	29 
6878	143 
6879	71 
6880	77 
6881	156 
6882	8 
6883	40 
6884	103 
6885	40 
6886	32 
6887	127 
6888	50 
6889	48 
6890	30 
6891	41 
6892	50 
6893	122 
6894	143 
6895	123 
6896	23 
6897	70 
6898	3 
6899	24 
6900	16 
6901	24 
6902	55 
6903	111 
6904	11 
6905	78 
6906	77 
6907	5 
6908	158 
6909	97 
6910	34 
6911	19 
6912	15 
6913	130 
6914	13 
6915	22 
6916	112 
6917	117 
6918	161 
6919	6 
6920	109 
6921	129 
6922	20 
6923	51 
6924	24 
6925	61 
6926	18 
6927	142 
6928	123 
6929	37 
6930	98 
6931	43 
6932	122 
6933	144 
6934	9 
6935	102 
6936	21 
6937	56 
6938	111 
6939	23 
6940	61 
6941	59 
6942	50 
6943	159 
6944	114 
6945	107 
6946	112 
6947	124 
6948	102 
6949	43 
6950	91 
6951	32 
6952	145 
6953	61 
6954	3 
6955	134 
6956	114 
6957	114 
6958	26 
6959	29 
6960	158 
6961	75 
6962	46 
6963	141 
6964	141 
6965	72 
6966	120 
6967	155 
6968	160 
6969	7 
6970	155 
6971	72 
6972	25 
6973	128 
6974	149 
6975	80 
6976	133 
6977	11 
6978	17 
6979	57 
6980	4 
6981	144 
6982	65 
6983	57 
6984	54 
6985	113 
6986	4 
6987	74 
6988	96 
6989	42 
6990	75 
6991	159 
6992	1 
6993	30 
6994	64 
6995	93 
6996	119 
6997	129 
6998	38 
6999	9 
7000	155 
