1	42 
2	76 
3	19 
4	78 
5	27 
6	44 
7	63 
8	72 
9	63 
10	15 
11	24 
12	30 
13	71 
14	23 
15	74 
16	54 
17	4 
18	41 
19	14 
20	1 
21	112 
22	118 
23	58 
24	87 
25	15 
26	36 
27	75 
28	76 
29	64 
30	82 
31	119 
32	85 
33	94 
34	78 
35	7 
36	90 
37	48 
38	29 
39	14 
40	34 
41	86 
42	82 
43	97 
44	104 
45	110 
46	75 
47	97 
48	13 
49	82 
50	7 
51	98 
52	63 
53	32 
54	87 
55	85 
56	8 
57	96 
58	102 
59	117 
60	34 
61	68 
62	63 
63	101 
64	23 
65	37 
66	118 
67	35 
68	56 
69	12 
70	43 
71	14 
72	38 
73	45 
74	44 
75	39 
76	63 
77	14 
78	95 
79	56 
80	56 
81	41 
82	61 
83	84 
84	32 
85	82 
86	84 
87	16 
88	58 
89	90 
90	102 
91	6 
92	101 
93	26 
94	2 
95	81 
96	3 
97	86 
98	105 
99	32 
100	93 
101	101 
102	9 
103	54 
104	47 
105	41 
106	111 
107	16 
108	46 
109	87 
110	16 
111	9 
112	38 
113	20 
114	41 
115	105 
116	83 
117	91 
118	54 
119	65 
120	9 
121	30 
122	65 
123	62 
124	73 
125	72 
126	25 
127	18 
128	24 
129	67 
130	36 
131	101 
132	18 
133	90 
134	97 
135	5 
136	77 
137	8 
138	9 
139	115 
140	83 
141	42 
142	26 
143	85 
144	7 
145	40 
146	6 
147	60 
148	91 
149	59 
150	82 
151	105 
152	83 
153	82 
154	80 
155	55 
156	76 
157	3 
158	88 
159	82 
160	59 
161	110 
162	23 
163	29 
164	49 
165	60 
166	102 
167	41 
168	16 
169	110 
170	16 
171	57 
172	30 
173	49 
174	99 
175	31 
176	77 
177	87 
178	37 
179	80 
180	18 
181	3 
182	110 
183	43 
184	54 
185	40 
186	2 
187	79 
188	85 
189	39 
190	7 
191	11 
192	61 
193	117 
194	71 
195	35 
196	99 
197	66 
198	38 
199	89 
200	55 
201	30 
202	2 
203	89 
204	6 
205	100 
206	25 
207	97 
208	72 
209	96 
210	62 
211	89 
212	25 
213	20 
214	92 
215	93 
216	31 
217	117 
218	90 
219	14 
220	29 
221	23 
222	52 
223	8 
224	82 
225	71 
226	98 
227	32 
228	92 
229	48 
230	12 
231	54 
232	54 
233	23 
234	2 
235	98 
236	81 
237	44 
238	24 
239	42 
240	5 
241	117 
242	108 
243	23 
244	76 
245	32 
246	50 
247	69 
248	117 
249	16 
250	120 
251	113 
252	80 
253	96 
254	60 
255	8 
256	115 
257	110 
258	8 
259	106 
260	91 
261	85 
262	80 
263	26 
264	43 
265	93 
266	36 
267	23 
268	89 
269	13 
270	116 
271	94 
272	12 
273	28 
274	36 
275	92 
276	41 
277	12 
278	69 
279	56 
280	65 
281	62 
282	100 
283	53 
284	95 
285	57 
286	47 
287	114 
288	106 
289	80 
290	61 
291	108 
292	86 
293	17 
294	103 
295	108 
296	110 
297	28 
298	29 
299	107 
300	100 
301	120 
302	13 
303	100 
304	13 
305	38 
306	81 
307	84 
308	105 
309	99 
310	12 
311	65 
312	14 
313	19 
314	112 
315	24 
316	9 
317	52 
318	40 
319	109 
320	116 
321	7 
322	88 
323	67 
324	65 
325	42 
326	52 
327	10 
328	23 
329	60 
330	43 
331	69 
332	42 
333	52 
334	96 
335	35 
336	67 
337	71 
338	31 
339	19 
340	61 
341	104 
342	49 
343	14 
344	108 
345	4 
346	9 
347	54 
348	41 
349	13 
350	12 
351	39 
352	42 
353	27 
354	97 
355	37 
356	95 
357	84 
358	74 
359	76 
360	68 
361	96 
362	54 
363	50 
364	61 
365	65 
366	18 
367	17 
368	48 
369	104 
370	6 
371	15 
372	87 
373	9 
374	23 
375	41 
376	57 
377	93 
378	47 
379	67 
380	105 
381	17 
382	81 
383	7 
384	9 
385	18 
386	64 
387	32 
388	29 
389	46 
390	15 
391	33 
392	78 
393	112 
394	114 
395	104 
396	87 
397	33 
398	18 
399	6 
400	105 
401	70 
402	59 
403	51 
404	79 
405	25 
406	33 
407	7 
408	28 
409	79 
410	35 
411	89 
412	99 
413	86 
414	19 
415	46 
416	97 
417	48 
418	70 
419	117 
420	118 
421	84 
422	46 
423	67 
424	34 
425	82 
426	101 
427	42 
428	118 
429	60 
430	65 
431	70 
432	91 
433	17 
434	47 
435	118 
436	81 
437	103 
438	76 
439	73 
440	15 
441	92 
442	103 
443	84 
444	16 
445	89 
446	22 
447	6 
448	42 
449	80 
450	69 
451	57 
452	57 
453	53 
454	53 
455	62 
456	4 
457	84 
458	109 
459	65 
460	68 
461	81 
462	51 
463	9 
464	30 
465	82 
466	21 
467	53 
468	97 
469	20 
470	109 
471	4 
472	47 
473	89 
474	10 
475	80 
476	49 
477	64 
478	22 
479	72 
480	41 
481	45 
482	113 
483	72 
484	52 
485	91 
486	17 
487	118 
488	68 
489	18 
490	103 
491	74 
492	119 
493	32 
494	74 
495	45 
496	75 
497	105 
498	77 
499	104 
500	77 
501	45 
502	103 
503	92 
504	79 
505	12 
506	32 
507	10 
508	38 
509	50 
510	119 
511	26 
512	22 
513	17 
514	106 
515	38 
516	120 
517	118 
518	29 
519	5 
520	10 
521	104 
522	78 
523	88 
524	57 
525	102 
526	77 
527	24 
528	30 
529	68 
530	17 
531	69 
532	4 
533	11 
534	96 
535	40 
536	22 
537	67 
538	93 
539	89 
540	120 
541	18 
542	75 
543	29 
544	92 
545	109 
546	10 
547	107 
548	68 
549	32 
550	26 
551	82 
552	75 
553	98 
554	80 
555	26 
556	19 
557	14 
558	95 
559	22 
560	66 
561	80 
562	32 
563	95 
564	35 
565	65 
566	107 
567	78 
568	30 
569	29 
570	88 
571	64 
572	59 
573	28 
574	5 
575	27 
576	26 
577	32 
578	80 
579	111 
580	30 
581	63 
582	81 
583	101 
584	83 
585	90 
586	109 
587	56 
588	22 
589	68 
590	89 
591	62 
592	21 
593	103 
594	73 
595	61 
596	108 
597	28 
598	36 
599	51 
600	2 
601	38 
602	94 
603	16 
604	109 
605	33 
606	64 
607	54 
608	63 
609	37 
610	55 
611	102 
612	27 
613	93 
614	31 
615	59 
616	97 
617	103 
618	27 
619	92 
620	3 
621	20 
622	1 
623	49 
624	66 
625	44 
626	84 
627	99 
628	112 
629	105 
630	79 
631	95 
632	78 
633	52 
634	63 
635	42 
636	96 
637	114 
638	71 
639	62 
640	9 
641	97 
642	25 
643	34 
644	67 
645	105 
646	29 
647	38 
648	48 
649	114 
650	112 
651	40 
652	99 
653	38 
654	31 
655	1 
656	37 
657	21 
658	74 
659	87 
660	45 
661	41 
662	84 
663	112 
664	75 
665	89 
666	116 
667	93 
668	102 
669	84 
670	24 
671	35 
672	89 
673	25 
674	2 
675	17 
676	44 
677	24 
678	69 
679	63 
680	7 
681	84 
682	90 
683	106 
684	35 
685	67 
686	89 
687	34 
688	3 
689	27 
690	71 
691	98 
692	85 
693	45 
694	8 
695	11 
696	10 
697	3 
698	96 
699	84 
700	44 
701	26 
702	110 
703	56 
704	83 
705	113 
706	104 
707	107 
708	101 
709	118 
710	18 
711	47 
712	40 
713	96 
714	9 
715	58 
716	51 
717	34 
718	48 
719	107 
720	10 
721	43 
722	35 
723	76 
724	1 
725	60 
726	67 
727	34 
728	54 
729	103 
730	13 
731	2 
732	117 
733	100 
734	119 
735	55 
736	67 
737	73 
738	90 
739	2 
740	33 
741	36 
742	5 
743	19 
744	114 
745	100 
746	96 
747	48 
748	47 
749	85 
750	63 
751	12 
752	49 
753	8 
754	111 
755	37 
756	52 
757	69 
758	103 
759	29 
760	79 
761	19 
762	101 
763	20 
764	5 
765	118 
766	69 
767	46 
768	94 
769	48 
770	5 
771	49 
772	103 
773	80 
774	116 
775	56 
776	52 
777	47 
778	55 
779	19 
780	15 
781	19 
782	77 
783	46 
784	71 
785	104 
786	9 
787	102 
788	119 
789	76 
790	117 
791	42 
792	4 
793	29 
794	23 
795	68 
796	57 
797	30 
798	28 
799	33 
800	120 
801	2 
802	71 
803	16 
804	119 
805	8 
806	100 
807	56 
808	37 
809	32 
810	76 
811	8 
812	107 
813	19 
814	7 
815	89 
816	65 
817	10 
818	107 
819	74 
820	59 
821	64 
822	100 
823	59 
824	37 
825	4 
826	116 
827	19 
828	36 
829	100 
830	64 
831	17 
832	100 
833	44 
834	120 
835	58 
836	29 
837	45 
838	95 
839	118 
840	98 
841	94 
842	63 
843	111 
844	66 
845	113 
846	120 
847	40 
848	110 
849	92 
850	50 
851	23 
852	7 
853	82 
854	71 
855	13 
856	75 
857	18 
858	102 
859	88 
860	117 
861	29 
862	91 
863	39 
864	17 
865	53 
866	83 
867	75 
868	43 
869	82 
870	32 
871	103 
872	4 
873	49 
874	119 
875	56 
876	19 
877	82 
878	17 
879	6 
880	64 
881	1 
882	23 
883	40 
884	56 
885	63 
886	58 
887	43 
888	82 
889	26 
890	111 
891	65 
892	40 
893	1 
894	83 
895	103 
896	63 
897	80 
898	67 
899	38 
900	6 
901	55 
902	73 
903	16 
904	32 
905	19 
906	93 
907	23 
908	73 
909	71 
910	50 
911	28 
912	89 
913	107 
914	18 
915	46 
916	85 
917	82 
918	9 
919	101 
920	52 
921	104 
922	85 
923	40 
924	33 
925	71 
926	47 
927	79 
928	118 
929	96 
930	70 
931	69 
932	59 
933	32 
934	11 
935	27 
936	17 
937	43 
938	71 
939	61 
940	29 
941	60 
942	34 
943	101 
944	30 
945	56 
946	2 
947	116 
948	5 
949	14 
950	1 
951	44 
952	120 
953	70 
954	54 
955	84 
956	86 
957	96 
958	20 
959	118 
960	5 
961	59 
962	71 
963	90 
964	38 
965	62 
966	111 
967	107 
968	29 
969	29 
970	84 
971	40 
972	21 
973	91 
974	111 
975	14 
976	94 
977	103 
978	93 
979	115 
980	63 
981	5 
982	25 
983	63 
984	120 
985	27 
986	54 
987	22 
988	103 
989	68 
990	114 
991	84 
992	39 
993	33 
994	51 
995	42 
996	93 
997	65 
998	26 
999	43 
1000	66 
1001	100 
1002	87 
1003	73 
1004	38 
1005	45 
1006	54 
1007	1 
1008	2 
1009	34 
1010	6 
1011	76 
1012	111 
1013	11 
1014	96 
1015	28 
1016	81 
1017	5 
1018	19 
1019	67 
1020	116 
1021	13 
1022	87 
1023	18 
1024	42 
1025	41 
1026	97 
1027	95 
1028	9 
1029	78 
1030	33 
1031	114 
1032	111 
1033	65 
1034	65 
1035	78 
1036	51 
1037	83 
1038	23 
1039	85 
1040	80 
1041	74 
1042	16 
1043	18 
1044	103 
1045	118 
1046	71 
1047	79 
1048	49 
1049	77 
1050	15 
1051	91 
1052	1 
1053	5 
1054	70 
1055	63 
1056	72 
1057	36 
1058	105 
1059	107 
1060	60 
1061	108 
1062	4 
1063	99 
1064	8 
1065	38 
1066	40 
1067	34 
1068	75 
1069	87 
1070	88 
1071	49 
1072	61 
1073	75 
1074	47 
1075	65 
1076	37 
1077	120 
1078	77 
1079	50 
1080	90 
1081	29 
1082	9 
1083	65 
1084	107 
1085	60 
1086	21 
1087	50 
1088	113 
1089	78 
1090	83 
1091	93 
1092	83 
1093	35 
1094	92 
1095	96 
1096	43 
1097	25 
1098	115 
1099	18 
1100	78 
1101	90 
1102	97 
1103	70 
1104	90 
1105	32 
1106	76 
1107	55 
1108	25 
1109	87 
1110	115 
1111	20 
1112	82 
1113	4 
1114	20 
1115	97 
1116	59 
1117	37 
1118	9 
1119	5 
1120	114 
1121	95 
1122	22 
1123	94 
1124	84 
1125	58 
1126	56 
1127	26 
1128	38 
1129	93 
1130	59 
1131	64 
1132	10 
1133	58 
1134	94 
1135	16 
1136	116 
1137	70 
1138	67 
1139	87 
1140	108 
1141	63 
1142	18 
1143	69 
1144	24 
1145	15 
1146	68 
1147	15 
1148	3 
1149	2 
1150	2 
1151	72 
1152	74 
1153	60 
1154	73 
1155	76 
1156	23 
1157	90 
1158	98 
1159	33 
1160	16 
1161	12 
1162	33 
1163	89 
1164	120 
1165	69 
1166	67 
1167	74 
1168	67 
1169	120 
1170	104 
1171	80 
1172	111 
1173	76 
1174	18 
1175	101 
1176	10 
1177	63 
1178	48 
1179	25 
1180	47 
1181	55 
1182	44 
1183	33 
1184	25 
1185	96 
1186	29 
1187	22 
1188	31 
1189	60 
1190	23 
1191	13 
1192	59 
1193	29 
1194	61 
1195	42 
1196	100 
1197	90 
1198	105 
1199	79 
1200	63 
1201	80 
1202	72 
1203	21 
1204	32 
1205	118 
1206	53 
1207	34 
1208	42 
1209	71 
1210	117 
1211	99 
1212	104 
1213	76 
1214	26 
1215	100 
1216	103 
1217	11 
1218	77 
1219	114 
1220	28 
1221	41 
1222	77 
1223	41 
1224	3 
1225	8 
1226	70 
1227	18 
1228	75 
1229	51 
1230	93 
1231	101 
1232	60 
1233	43 
1234	15 
1235	78 
1236	39 
1237	84 
1238	55 
1239	58 
1240	59 
1241	31 
1242	99 
1243	44 
1244	27 
1245	81 
1246	46 
1247	42 
1248	21 
1249	90 
1250	62 
1251	69 
1252	57 
1253	33 
1254	76 
1255	63 
1256	2 
1257	117 
1258	52 
1259	107 
1260	95 
1261	113 
1262	65 
1263	20 
1264	78 
1265	72 
1266	118 
1267	95 
1268	96 
1269	118 
1270	15 
1271	110 
1272	29 
1273	92 
1274	72 
1275	48 
1276	44 
1277	69 
1278	94 
1279	81 
1280	19 
1281	25 
1282	8 
1283	16 
1284	104 
1285	115 
1286	50 
1287	3 
1288	78 
1289	52 
1290	114 
1291	86 
1292	4 
1293	23 
1294	40 
1295	58 
1296	78 
1297	94 
1298	72 
1299	84 
1300	1 
1301	59 
1302	3 
1303	28 
1304	2 
1305	43 
1306	86 
1307	4 
1308	61 
1309	104 
1310	6 
1311	24 
1312	63 
1313	3 
1314	96 
1315	54 
1316	49 
1317	7 
1318	102 
1319	79 
1320	59 
1321	96 
1322	101 
1323	76 
1324	87 
1325	110 
1326	14 
1327	89 
1328	10 
1329	51 
1330	48 
1331	9 
1332	104 
1333	67 
1334	107 
1335	18 
1336	114 
1337	22 
1338	77 
1339	103 
1340	5 
1341	41 
1342	70 
1343	33 
1344	4 
1345	76 
1346	108 
1347	95 
1348	38 
1349	88 
1350	53 
1351	14 
1352	57 
1353	5 
1354	4 
1355	21 
1356	84 
1357	56 
1358	49 
1359	46 
1360	113 
1361	38 
1362	11 
1363	2 
1364	53 
1365	95 
1366	56 
1367	49 
1368	95 
1369	32 
1370	91 
1371	92 
1372	63 
1373	99 
1374	116 
1375	13 
1376	30 
1377	109 
1378	59 
1379	44 
1380	88 
1381	54 
1382	20 
1383	86 
1384	104 
1385	120 
1386	51 
1387	16 
1388	79 
1389	6 
1390	45 
1391	105 
1392	115 
1393	41 
1394	37 
1395	101 
1396	73 
1397	31 
1398	65 
1399	89 
1400	104 
1401	81 
1402	55 
1403	62 
1404	117 
1405	28 
1406	69 
1407	41 
1408	44 
1409	36 
1410	100 
1411	8 
1412	75 
1413	56 
1414	93 
1415	50 
1416	96 
1417	113 
1418	67 
1419	85 
1420	7 
1421	3 
1422	74 
1423	78 
1424	43 
1425	8 
1426	120 
1427	20 
1428	68 
1429	38 
1430	43 
1431	83 
1432	114 
1433	38 
1434	32 
1435	62 
1436	43 
1437	118 
1438	42 
1439	77 
1440	45 
1441	23 
1442	68 
1443	70 
1444	109 
1445	6 
1446	46 
1447	64 
1448	30 
1449	18 
1450	102 
1451	89 
1452	23 
1453	101 
1454	107 
1455	20 
1456	63 
1457	11 
1458	55 
1459	28 
1460	90 
1461	17 
1462	85 
1463	90 
1464	114 
1465	110 
1466	75 
1467	43 
1468	62 
1469	34 
1470	105 
1471	59 
1472	14 
1473	118 
1474	23 
1475	36 
1476	107 
1477	20 
1478	67 
1479	34 
1480	25 
1481	69 
1482	98 
1483	22 
1484	8 
1485	74 
1486	29 
1487	82 
1488	28 
1489	21 
1490	96 
1491	50 
1492	113 
1493	18 
1494	5 
1495	89 
1496	37 
1497	42 
1498	14 
1499	29 
1500	114 
1501	9 
1502	20 
1503	6 
1504	101 
1505	8 
1506	102 
1507	107 
1508	11 
1509	45 
1510	58 
1511	21 
1512	97 
1513	15 
1514	43 
1515	48 
1516	3 
1517	69 
1518	63 
1519	39 
1520	8 
1521	63 
1522	15 
1523	67 
1524	82 
1525	112 
1526	31 
1527	49 
1528	61 
1529	64 
1530	74 
1531	13 
1532	88 
1533	10 
1534	61 
1535	57 
1536	103 
1537	104 
1538	53 
1539	32 
1540	81 
1541	101 
1542	98 
1543	76 
1544	118 
1545	85 
1546	93 
1547	101 
1548	17 
1549	92 
1550	37 
1551	28 
1552	97 
1553	44 
1554	11 
1555	8 
1556	107 
1557	74 
1558	76 
1559	93 
1560	58 
1561	110 
1562	4 
1563	12 
1564	38 
1565	63 
1566	5 
1567	80 
1568	107 
1569	28 
1570	64 
1571	1 
1572	5 
1573	58 
1574	32 
1575	112 
1576	6 
1577	80 
1578	117 
1579	44 
1580	59 
1581	76 
1582	77 
1583	15 
1584	97 
1585	65 
1586	69 
1587	73 
1588	87 
1589	101 
1590	59 
1591	111 
1592	99 
1593	34 
1594	78 
1595	68 
1596	7 
1597	78 
1598	1 
1599	117 
1600	41 
1601	80 
1602	71 
1603	110 
1604	21 
1605	47 
1606	108 
1607	46 
1608	80 
1609	14 
1610	51 
1611	43 
1612	98 
1613	54 
1614	32 
1615	56 
1616	71 
1617	52 
1618	46 
1619	102 
1620	71 
1621	18 
1622	61 
1623	67 
1624	32 
1625	34 
1626	84 
1627	58 
1628	51 
1629	120 
1630	114 
1631	42 
1632	88 
1633	85 
1634	41 
1635	116 
1636	36 
1637	69 
1638	90 
1639	52 
1640	46 
1641	120 
1642	116 
1643	63 
1644	80 
1645	102 
1646	62 
1647	7 
1648	14 
1649	85 
1650	11 
1651	92 
1652	118 
1653	84 
1654	14 
1655	119 
1656	85 
1657	12 
1658	28 
1659	90 
1660	52 
1661	58 
1662	52 
1663	105 
1664	81 
1665	31 
1666	38 
1667	109 
1668	63 
1669	105 
1670	88 
1671	63 
1672	41 
1673	103 
1674	27 
1675	9 
1676	85 
1677	56 
1678	45 
1679	65 
1680	2 
1681	63 
1682	119 
1683	112 
1684	69 
1685	6 
1686	84 
1687	103 
1688	28 
1689	67 
1690	109 
1691	119 
1692	89 
1693	25 
1694	101 
1695	110 
1696	44 
1697	103 
1698	31 
1699	44 
1700	91 
1701	48 
1702	106 
1703	102 
1704	32 
1705	18 
1706	76 
1707	4 
1708	31 
1709	5 
1710	84 
1711	35 
1712	120 
1713	36 
1714	76 
1715	7 
1716	22 
1717	52 
1718	110 
1719	103 
1720	75 
1721	47 
1722	54 
1723	23 
1724	6 
1725	2 
1726	66 
1727	67 
1728	32 
1729	15 
1730	118 
1731	76 
1732	120 
1733	4 
1734	104 
1735	33 
1736	56 
1737	9 
1738	29 
1739	84 
1740	74 
1741	112 
1742	21 
1743	7 
1744	26 
1745	50 
1746	35 
1747	29 
1748	18 
1749	85 
1750	28 
1751	77 
1752	36 
1753	103 
1754	62 
1755	29 
1756	106 
1757	114 
1758	68 
1759	78 
1760	6 
1761	24 
1762	47 
1763	52 
1764	87 
1765	34 
1766	61 
1767	3 
1768	11 
1769	76 
1770	14 
1771	102 
1772	70 
1773	1 
1774	60 
1775	67 
1776	94 
1777	16 
1778	44 
1779	36 
1780	17 
1781	87 
1782	98 
1783	5 
1784	70 
1785	43 
1786	107 
1787	25 
1788	86 
1789	54 
1790	96 
1791	85 
1792	48 
1793	48 
1794	101 
1795	39 
1796	97 
1797	92 
1798	4 
1799	93 
1800	41 
1801	76 
1802	66 
1803	30 
1804	44 
1805	77 
1806	88 
1807	79 
1808	48 
1809	28 
1810	119 
1811	107 
1812	25 
1813	13 
1814	112 
1815	120 
1816	120 
1817	73 
1818	77 
1819	91 
1820	70 
1821	19 
1822	18 
1823	86 
1824	25 
1825	41 
1826	100 
1827	71 
1828	80 
1829	112 
1830	63 
1831	7 
1832	2 
1833	28 
1834	1 
1835	109 
1836	117 
1837	33 
1838	95 
1839	14 
1840	87 
1841	7 
1842	16 
1843	117 
1844	36 
1845	49 
1846	103 
1847	54 
1848	90 
1849	2 
1850	48 
1851	34 
1852	93 
1853	46 
1854	66 
1855	62 
1856	58 
1857	114 
1858	11 
1859	74 
1860	116 
1861	36 
1862	72 
1863	51 
1864	17 
1865	85 
1866	85 
1867	114 
1868	60 
1869	42 
1870	45 
1871	61 
1872	114 
1873	102 
1874	9 
1875	104 
1876	72 
1877	111 
1878	95 
1879	120 
1880	103 
1881	38 
1882	85 
1883	11 
1884	119 
1885	91 
1886	24 
1887	78 
1888	31 
1889	108 
1890	115 
1891	18 
1892	21 
1893	100 
1894	95 
1895	13 
1896	32 
1897	104 
1898	84 
1899	102 
1900	88 
1901	56 
1902	20 
1903	95 
1904	103 
1905	100 
1906	12 
1907	8 
1908	108 
1909	50 
1910	62 
1911	35 
1912	29 
1913	64 
1914	84 
1915	71 
1916	83 
1917	103 
1918	69 
1919	22 
1920	7 
1921	101 
1922	34 
1923	88 
1924	28 
1925	12 
1926	96 
1927	81 
1928	63 
1929	79 
1930	43 
1931	21 
1932	5 
1933	85 
1934	2 
1935	12 
1936	67 
1937	49 
1938	111 
1939	81 
1940	110 
1941	14 
1942	98 
1943	53 
1944	26 
1945	47 
1946	107 
1947	75 
1948	107 
1949	12 
1950	86 
1951	84 
1952	52 
1953	93 
1954	27 
1955	48 
1956	110 
1957	80 
1958	109 
1959	2 
1960	67 
1961	90 
1962	16 
1963	63 
1964	30 
1965	4 
1966	56 
1967	110 
1968	17 
1969	108 
1970	107 
1971	20 
1972	30 
1973	54 
1974	86 
1975	10 
1976	10 
1977	105 
1978	90 
1979	26 
1980	11 
1981	112 
1982	55 
1983	38 
1984	65 
1985	68 
1986	43 
1987	42 
1988	51 
1989	70 
1990	12 
1991	117 
1992	47 
1993	90 
1994	100 
1995	40 
1996	29 
1997	11 
1998	46 
1999	41 
2000	80 
2001	62 
2002	96 
2003	80 
2004	62 
2005	80 
2006	69 
2007	25 
2008	79 
2009	14 
2010	92 
2011	78 
2012	4 
2013	50 
2014	112 
2015	118 
2016	13 
2017	16 
2018	107 
2019	10 
2020	76 
2021	30 
2022	29 
2023	19 
2024	27 
2025	22 
2026	8 
2027	119 
2028	9 
2029	23 
2030	116 
2031	85 
2032	39 
2033	41 
2034	76 
2035	76 
2036	35 
2037	3 
2038	113 
2039	78 
2040	10 
2041	109 
2042	105 
2043	6 
2044	112 
2045	30 
2046	104 
2047	6 
2048	103 
2049	40 
2050	105 
2051	8 
2052	88 
2053	101 
2054	80 
2055	89 
2056	66 
2057	54 
2058	39 
2059	80 
2060	67 
2061	90 
2062	41 
2063	20 
2064	33 
2065	116 
2066	1 
2067	118 
2068	96 
2069	28 
2070	10 
2071	55 
2072	48 
2073	17 
2074	113 
2075	23 
2076	33 
2077	31 
2078	105 
2079	37 
2080	110 
2081	105 
2082	44 
2083	89 
2084	119 
2085	42 
2086	112 
2087	118 
2088	69 
2089	17 
2090	84 
2091	86 
2092	75 
2093	52 
2094	115 
2095	98 
2096	23 
2097	21 
2098	54 
2099	29 
2100	90 
2101	20 
2102	33 
2103	61 
2104	34 
2105	5 
2106	30 
2107	47 
2108	74 
2109	10 
2110	118 
2111	44 
2112	21 
2113	42 
2114	101 
2115	36 
2116	68 
2117	107 
2118	90 
2119	4 
2120	87 
2121	53 
2122	54 
2123	114 
2124	23 
2125	101 
2126	67 
2127	26 
2128	93 
2129	54 
2130	56 
2131	97 
2132	42 
2133	67 
2134	68 
2135	30 
2136	77 
2137	83 
2138	84 
2139	105 
2140	20 
2141	45 
2142	70 
2143	50 
2144	86 
2145	43 
2146	116 
2147	95 
2148	112 
2149	15 
2150	80 
2151	95 
2152	105 
2153	84 
2154	113 
2155	99 
2156	40 
2157	30 
2158	99 
2159	92 
2160	111 
2161	102 
2162	26 
2163	71 
2164	6 
2165	41 
2166	50 
2167	99 
2168	118 
2169	89 
2170	59 
2171	107 
2172	95 
2173	48 
2174	45 
2175	54 
2176	116 
2177	85 
2178	10 
2179	2 
2180	58 
2181	6 
2182	95 
2183	35 
2184	31 
2185	69 
2186	41 
2187	31 
2188	3 
2189	41 
2190	55 
2191	10 
2192	119 
2193	32 
2194	19 
2195	118 
2196	81 
2197	95 
2198	15 
2199	10 
2200	65 
2201	52 
2202	32 
2203	13 
2204	24 
2205	6 
2206	17 
2207	109 
2208	111 
2209	45 
2210	95 
2211	114 
2212	44 
2213	68 
2214	13 
2215	86 
2216	28 
2217	89 
2218	52 
2219	77 
2220	13 
2221	26 
2222	117 
2223	73 
2224	77 
2225	88 
2226	9 
2227	111 
2228	79 
2229	12 
2230	47 
2231	35 
2232	22 
2233	84 
2234	44 
2235	65 
2236	22 
2237	57 
2238	107 
2239	97 
2240	4 
2241	78 
2242	41 
2243	89 
2244	43 
2245	34 
2246	55 
2247	96 
2248	58 
2249	83 
2250	54 
2251	107 
2252	41 
2253	54 
2254	77 
2255	85 
2256	65 
2257	1 
2258	43 
2259	109 
2260	82 
2261	32 
2262	35 
2263	120 
2264	8 
2265	99 
2266	2 
2267	106 
2268	76 
2269	63 
2270	34 
2271	45 
2272	77 
2273	38 
2274	67 
2275	47 
2276	103 
2277	29 
2278	64 
2279	72 
2280	62 
2281	58 
2282	92 
2283	108 
2284	88 
2285	105 
2286	81 
2287	77 
2288	113 
2289	74 
2290	50 
2291	28 
2292	7 
2293	71 
2294	9 
2295	8 
2296	8 
2297	81 
2298	54 
2299	23 
2300	66 
2301	41 
2302	41 
2303	30 
2304	90 
2305	65 
2306	66 
2307	76 
2308	99 
2309	101 
2310	4 
2311	10 
2312	36 
2313	30 
2314	86 
2315	99 
2316	70 
2317	47 
2318	62 
2319	101 
2320	102 
2321	94 
2322	5 
2323	86 
2324	91 
2325	16 
2326	3 
2327	75 
2328	115 
2329	96 
2330	107 
2331	35 
2332	98 
2333	53 
2334	54 
2335	25 
2336	12 
2337	64 
2338	105 
2339	83 
2340	108 
2341	28 
2342	12 
2343	58 
2344	84 
2345	33 
2346	10 
2347	1 
2348	52 
2349	37 
2350	71 
2351	119 
2352	54 
2353	33 
2354	108 
2355	41 
2356	46 
2357	87 
2358	74 
2359	26 
2360	31 
2361	59 
2362	120 
2363	106 
2364	86 
2365	46 
2366	34 
2367	25 
2368	81 
2369	103 
2370	46 
2371	67 
2372	52 
2373	86 
2374	107 
2375	94 
2376	29 
2377	80 
2378	6 
2379	119 
2380	89 
2381	88 
2382	26 
2383	111 
2384	106 
2385	18 
2386	13 
2387	36 
2388	74 
2389	49 
2390	86 
2391	117 
2392	76 
2393	75 
2394	37 
2395	34 
2396	72 
2397	76 
2398	6 
2399	25 
2400	84 
2401	38 
2402	88 
2403	37 
2404	18 
2405	47 
2406	10 
2407	115 
2408	42 
2409	14 
2410	43 
2411	96 
2412	106 
2413	27 
2414	22 
2415	23 
2416	46 
2417	5 
2418	60 
2419	43 
2420	5 
2421	83 
2422	57 
2423	114 
2424	57 
2425	4 
2426	80 
2427	86 
2428	104 
2429	55 
2430	109 
2431	106 
2432	77 
2433	63 
2434	105 
2435	105 
2436	11 
2437	57 
2438	74 
2439	49 
2440	96 
2441	52 
2442	94 
2443	87 
2444	32 
2445	55 
2446	117 
2447	62 
2448	106 
2449	101 
2450	111 
2451	75 
2452	58 
2453	67 
2454	98 
2455	117 
2456	20 
2457	48 
2458	104 
2459	72 
2460	22 
2461	26 
2462	36 
2463	32 
2464	19 
2465	97 
2466	32 
2467	50 
2468	105 
2469	108 
2470	64 
2471	44 
2472	106 
2473	108 
2474	64 
2475	57 
2476	117 
2477	59 
2478	72 
2479	10 
2480	52 
2481	51 
2482	50 
2483	103 
2484	115 
2485	98 
2486	74 
2487	19 
2488	81 
2489	63 
2490	44 
2491	115 
2492	62 
2493	52 
2494	56 
2495	98 
2496	91 
2497	8 
2498	48 
2499	57 
2500	42 
2501	97 
2502	50 
2503	49 
2504	95 
2505	81 
2506	70 
2507	26 
2508	38 
2509	34 
2510	120 
2511	2 
2512	7 
2513	99 
2514	2 
2515	47 
2516	18 
2517	31 
2518	98 
2519	12 
2520	120 
2521	48 
2522	40 
2523	82 
2524	12 
2525	59 
2526	110 
2527	2 
2528	4 
2529	89 
2530	76 
2531	107 
2532	35 
2533	43 
2534	22 
2535	10 
2536	103 
2537	70 
2538	118 
2539	43 
2540	23 
2541	93 
2542	15 
2543	63 
2544	86 
2545	12 
2546	115 
2547	89 
2548	70 
2549	98 
2550	89 
2551	108 
2552	107 
2553	108 
2554	82 
2555	34 
2556	15 
2557	82 
2558	4 
2559	10 
2560	56 
2561	66 
2562	13 
2563	94 
2564	76 
2565	36 
2566	20 
2567	35 
2568	5 
2569	79 
2570	77 
2571	36 
2572	73 
2573	84 
2574	49 
2575	84 
2576	90 
2577	82 
2578	48 
2579	58 
2580	55 
2581	104 
2582	63 
2583	104 
2584	58 
2585	107 
2586	68 
2587	8 
2588	51 
2589	116 
2590	72 
2591	54 
2592	106 
2593	39 
2594	27 
2595	70 
2596	119 
2597	50 
2598	47 
2599	52 
2600	118 
2601	80 
2602	60 
2603	92 
2604	77 
2605	89 
2606	86 
2607	76 
2608	116 
2609	23 
2610	55 
2611	61 
2612	5 
2613	40 
2614	3 
2615	48 
2616	118 
2617	104 
2618	53 
2619	110 
2620	102 
2621	93 
2622	3 
2623	83 
2624	31 
2625	66 
2626	92 
2627	82 
2628	27 
2629	60 
2630	78 
2631	29 
2632	42 
2633	78 
2634	42 
2635	14 
2636	109 
2637	71 
2638	56 
2639	90 
2640	104 
2641	63 
2642	24 
2643	11 
2644	59 
2645	73 
2646	63 
2647	86 
2648	63 
2649	113 
2650	79 
2651	52 
2652	83 
2653	43 
2654	69 
2655	11 
2656	23 
2657	28 
2658	104 
2659	51 
2660	86 
2661	3 
2662	44 
2663	20 
2664	23 
2665	16 
2666	8 
2667	28 
2668	78 
2669	7 
2670	15 
2671	78 
2672	58 
2673	13 
2674	101 
2675	93 
2676	103 
2677	89 
2678	84 
2679	92 
2680	18 
2681	85 
2682	59 
2683	53 
2684	63 
2685	100 
2686	71 
2687	42 
2688	102 
2689	49 
2690	59 
2691	81 
2692	101 
2693	48 
2694	66 
2695	118 
2696	96 
2697	2 
2698	51 
2699	40 
2700	82 
2701	51 
2702	118 
2703	120 
2704	57 
2705	50 
2706	98 
2707	76 
2708	40 
2709	40 
2710	96 
2711	44 
2712	104 
2713	23 
2714	40 
2715	15 
2716	56 
2717	100 
2718	89 
2719	78 
2720	102 
2721	18 
2722	9 
2723	86 
2724	40 
2725	50 
2726	68 
2727	34 
2728	78 
2729	64 
2730	40 
2731	53 
2732	97 
2733	98 
2734	78 
2735	27 
2736	39 
2737	29 
2738	54 
2739	88 
2740	44 
2741	1 
2742	23 
2743	116 
2744	16 
2745	115 
2746	106 
2747	63 
2748	110 
2749	72 
2750	15 
2751	32 
2752	48 
2753	66 
2754	84 
2755	47 
2756	58 
2757	8 
2758	24 
2759	78 
2760	89 
2761	7 
2762	90 
2763	87 
2764	36 
2765	10 
2766	86 
2767	113 
2768	62 
2769	116 
2770	72 
2771	86 
2772	48 
2773	101 
2774	116 
2775	82 
2776	69 
2777	78 
2778	4 
2779	78 
2780	23 
2781	57 
2782	82 
2783	11 
2784	49 
2785	113 
2786	32 
2787	18 
2788	33 
2789	119 
2790	30 
2791	103 
2792	102 
2793	107 
2794	68 
2795	76 
2796	32 
2797	89 
2798	12 
2799	60 
2800	56 
2801	26 
2802	48 
2803	89 
2804	86 
2805	33 
2806	24 
2807	18 
2808	27 
2809	6 
2810	31 
2811	63 
2812	112 
2813	118 
2814	37 
2815	42 
2816	56 
2817	19 
2818	54 
2819	41 
2820	79 
2821	101 
2822	106 
2823	51 
2824	39 
2825	39 
2826	24 
2827	52 
2828	113 
2829	43 
2830	59 
2831	21 
2832	87 
2833	53 
2834	22 
2835	30 
2836	72 
2837	69 
2838	50 
2839	42 
2840	43 
2841	118 
2842	14 
2843	81 
2844	63 
2845	37 
2846	43 
2847	2 
2848	95 
2849	85 
2850	104 
2851	37 
2852	34 
2853	74 
2854	4 
2855	106 
2856	16 
2857	82 
2858	20 
2859	8 
2860	49 
2861	72 
2862	110 
2863	76 
2864	99 
2865	45 
2866	111 
2867	47 
2868	119 
2869	52 
2870	37 
2871	15 
2872	114 
2873	86 
2874	49 
2875	48 
2876	60 
2877	37 
2878	60 
2879	6 
2880	1 
2881	97 
2882	72 
2883	46 
2884	58 
2885	91 
2886	84 
2887	47 
2888	19 
2889	61 
2890	66 
2891	92 
2892	64 
2893	87 
2894	74 
2895	93 
2896	83 
2897	101 
2898	49 
2899	17 
2900	75 
2901	7 
2902	91 
2903	106 
2904	62 
2905	33 
2906	32 
2907	93 
2908	96 
2909	103 
2910	49 
2911	93 
2912	57 
2913	95 
2914	8 
2915	35 
2916	37 
2917	53 
2918	109 
2919	60 
2920	63 
2921	48 
2922	63 
2923	73 
2924	16 
2925	109 
2926	113 
2927	12 
2928	97 
2929	59 
2930	97 
2931	18 
2932	38 
2933	12 
2934	59 
2935	59 
2936	119 
2937	20 
2938	86 
2939	10 
2940	110 
2941	53 
2942	27 
2943	120 
2944	111 
2945	79 
2946	26 
2947	64 
2948	84 
2949	63 
2950	87 
2951	8 
2952	15 
2953	78 
2954	16 
2955	23 
2956	49 
2957	35 
2958	18 
2959	64 
2960	46 
2961	93 
2962	72 
2963	61 
2964	39 
2965	32 
2966	94 
2967	38 
2968	90 
2969	63 
2970	49 
2971	44 
2972	10 
2973	39 
2974	26 
2975	36 
2976	85 
2977	95 
2978	54 
2979	42 
2980	16 
2981	39 
2982	25 
2983	27 
2984	54 
2985	91 
2986	34 
2987	25 
2988	75 
2989	53 
2990	117 
2991	47 
2992	34 
2993	65 
2994	54 
2995	13 
2996	105 
2997	23 
2998	3 
2999	76 
3000	106 
3001	74 
3002	96 
3003	53 
3004	71 
3005	23 
3006	7 
3007	66 
3008	23 
3009	32 
3010	76 
3011	4 
3012	31 
3013	60 
3014	55 
3015	118 
3016	120 
3017	75 
3018	66 
3019	21 
3020	47 
3021	80 
3022	80 
3023	74 
3024	65 
3025	109 
3026	117 
3027	98 
3028	34 
3029	54 
3030	82 
3031	42 
3032	118 
3033	66 
3034	75 
3035	14 
3036	4 
3037	73 
3038	62 
3039	76 
3040	108 
3041	25 
3042	120 
3043	55 
3044	58 
3045	39 
3046	30 
3047	52 
3048	17 
3049	85 
3050	94 
3051	88 
3052	101 
3053	23 
3054	115 
3055	65 
3056	34 
3057	2 
3058	7 
3059	84 
3060	28 
3061	40 
3062	70 
3063	16 
3064	93 
3065	72 
3066	98 
3067	96 
3068	8 
3069	59 
3070	43 
3071	73 
3072	78 
3073	76 
3074	51 
3075	111 
3076	115 
3077	35 
3078	84 
3079	10 
3080	28 
3081	103 
3082	54 
3083	53 
3084	66 
3085	22 
3086	29 
3087	70 
3088	59 
3089	118 
3090	65 
3091	70 
3092	7 
3093	113 
3094	86 
3095	4 
3096	54 
3097	32 
3098	51 
3099	113 
3100	84 
3101	41 
3102	31 
3103	41 
3104	49 
3105	15 
3106	55 
3107	78 
3108	40 
3109	39 
3110	78 
3111	116 
3112	76 
3113	1 
3114	15 
3115	112 
3116	97 
3117	98 
3118	55 
3119	109 
3120	77 
3121	12 
3122	59 
3123	81 
3124	13 
3125	83 
3126	87 
3127	41 
3128	72 
3129	20 
3130	21 
3131	69 
3132	50 
3133	111 
3134	85 
3135	31 
3136	79 
3137	107 
3138	27 
3139	82 
3140	106 
3141	96 
3142	21 
3143	3 
3144	119 
3145	79 
3146	94 
3147	100 
3148	1 
3149	102 
3150	26 
3151	53 
3152	78 
3153	10 
3154	60 
3155	39 
3156	42 
3157	78 
3158	18 
3159	8 
3160	10 
3161	49 
3162	28 
3163	107 
3164	107 
3165	71 
3166	59 
3167	82 
3168	65 
3169	56 
3170	50 
3171	79 
3172	65 
3173	15 
3174	91 
3175	31 
3176	42 
3177	111 
3178	22 
3179	3 
3180	10 
3181	89 
3182	92 
3183	17 
3184	96 
3185	56 
3186	71 
3187	101 
3188	66 
3189	18 
3190	103 
3191	114 
3192	120 
3193	94 
3194	110 
3195	96 
3196	8 
3197	114 
3198	25 
3199	50 
3200	69 
3201	16 
3202	54 
3203	29 
3204	100 
3205	14 
3206	86 
3207	110 
3208	99 
3209	11 
3210	75 
3211	120 
3212	26 
3213	40 
3214	85 
3215	15 
3216	45 
3217	84 
3218	87 
3219	59 
3220	120 
3221	114 
3222	25 
3223	35 
3224	35 
3225	72 
3226	72 
3227	57 
3228	72 
3229	22 
3230	82 
3231	3 
3232	115 
3233	55 
3234	95 
3235	6 
3236	13 
3237	12 
3238	8 
3239	80 
3240	69 
3241	111 
3242	33 
3243	11 
3244	57 
3245	24 
3246	117 
3247	33 
3248	82 
3249	66 
3250	109 
3251	65 
3252	16 
3253	68 
3254	50 
3255	8 
3256	71 
3257	25 
3258	20 
3259	3 
3260	112 
3261	50 
3262	97 
3263	106 
3264	49 
3265	110 
3266	112 
3267	5 
3268	82 
3269	28 
3270	69 
3271	109 
3272	101 
3273	38 
3274	69 
3275	60 
3276	75 
3277	3 
3278	48 
3279	86 
3280	53 
3281	4 
3282	120 
3283	43 
3284	69 
3285	49 
3286	19 
3287	26 
3288	65 
3289	65 
3290	66 
3291	117 
3292	1 
3293	24 
3294	95 
3295	61 
3296	45 
3297	49 
3298	69 
3299	100 
3300	2 
3301	29 
3302	36 
3303	107 
3304	18 
3305	19 
3306	57 
3307	7 
3308	49 
3309	114 
3310	113 
3311	73 
3312	22 
3313	52 
3314	86 
3315	70 
3316	80 
3317	1 
3318	98 
3319	73 
3320	110 
3321	98 
3322	83 
3323	42 
3324	24 
3325	104 
3326	116 
3327	1 
3328	92 
3329	98 
3330	107 
3331	17 
3332	75 
3333	42 
3334	98 
3335	56 
3336	108 
3337	16 
3338	74 
3339	60 
3340	111 
3341	84 
3342	52 
3343	95 
3344	6 
3345	40 
3346	18 
3347	110 
3348	90 
3349	28 
3350	63 
3351	16 
3352	95 
3353	74 
3354	101 
3355	31 
3356	27 
3357	28 
3358	104 
3359	25 
3360	86 
3361	118 
3362	32 
3363	46 
3364	90 
3365	94 
3366	75 
3367	93 
3368	11 
3369	28 
3370	83 
3371	33 
3372	119 
3373	65 
3374	105 
3375	69 
3376	50 
3377	18 
3378	101 
3379	115 
3380	11 
3381	63 
3382	84 
3383	12 
3384	78 
3385	33 
3386	86 
3387	10 
3388	79 
3389	7 
3390	107 
3391	8 
3392	74 
3393	44 
3394	104 
3395	59 
3396	73 
3397	108 
3398	100 
3399	3 
3400	26 
3401	117 
3402	26 
3403	64 
3404	50 
3405	4 
3406	28 
3407	33 
3408	83 
3409	46 
3410	41 
3411	16 
3412	96 
3413	10 
3414	97 
3415	89 
3416	107 
3417	85 
3418	35 
3419	33 
3420	26 
3421	75 
3422	120 
3423	59 
3424	64 
3425	74 
3426	61 
3427	95 
3428	104 
3429	2 
3430	50 
3431	4 
3432	65 
3433	38 
3434	44 
3435	90 
3436	71 
3437	21 
3438	96 
3439	28 
3440	78 
3441	1 
3442	50 
3443	42 
3444	2 
3445	27 
3446	89 
3447	6 
3448	58 
3449	29 
3450	102 
3451	109 
3452	34 
3453	107 
3454	81 
3455	2 
3456	84 
3457	17 
3458	27 
3459	66 
3460	37 
3461	116 
3462	86 
3463	49 
3464	89 
3465	43 
3466	104 
3467	80 
3468	54 
3469	73 
3470	105 
3471	118 
3472	93 
3473	102 
3474	65 
3475	19 
3476	31 
3477	82 
3478	4 
3479	65 
3480	89 
3481	20 
3482	78 
3483	109 
3484	108 
3485	16 
3486	48 
3487	36 
3488	59 
3489	78 
3490	81 
3491	90 
3492	74 
3493	89 
3494	73 
3495	56 
3496	18 
3497	82 
3498	13 
3499	56 
3500	48 
3501	104 
3502	63 
3503	88 
3504	3 
3505	13 
3506	114 
3507	33 
3508	32 
3509	59 
3510	109 
3511	91 
3512	19 
3513	80 
3514	59 
3515	43 
3516	74 
3517	102 
3518	99 
3519	23 
3520	93 
3521	48 
3522	7 
3523	104 
3524	34 
3525	108 
3526	3 
3527	12 
3528	53 
3529	68 
3530	89 
3531	115 
3532	54 
3533	109 
3534	52 
3535	91 
3536	89 
3537	73 
3538	61 
3539	67 
3540	43 
3541	18 
3542	76 
3543	118 
3544	47 
3545	24 
3546	68 
3547	96 
3548	62 
3549	7 
3550	94 
3551	27 
3552	86 
3553	88 
3554	36 
3555	99 
3556	1 
3557	105 
3558	51 
3559	101 
3560	120 
3561	118 
3562	118 
3563	92 
3564	90 
3565	102 
3566	68 
3567	63 
3568	73 
3569	73 
3570	42 
3571	35 
3572	8 
3573	5 
3574	117 
3575	90 
3576	99 
3577	83 
3578	12 
3579	16 
3580	75 
3581	9 
3582	18 
3583	27 
3584	78 
3585	75 
3586	33 
3587	80 
3588	116 
3589	54 
3590	7 
3591	11 
3592	100 
3593	58 
3594	45 
3595	103 
3596	68 
3597	69 
3598	5 
3599	97 
3600	118 
3601	40 
3602	35 
3603	20 
3604	24 
3605	1 
3606	51 
3607	12 
3608	69 
3609	26 
3610	77 
3611	90 
3612	59 
3613	96 
3614	67 
3615	41 
3616	70 
3617	67 
3618	16 
3619	36 
3620	98 
3621	48 
3622	60 
3623	98 
3624	76 
3625	54 
3626	117 
3627	25 
3628	29 
3629	1 
3630	21 
3631	61 
3632	10 
3633	116 
3634	9 
3635	65 
3636	33 
3637	7 
3638	85 
3639	52 
3640	25 
3641	46 
3642	40 
3643	111 
3644	37 
3645	41 
3646	47 
3647	85 
3648	76 
3649	38 
3650	55 
3651	90 
3652	18 
3653	103 
3654	8 
3655	19 
3656	101 
3657	112 
3658	45 
3659	57 
3660	57 
3661	117 
3662	77 
3663	75 
3664	1 
3665	79 
3666	68 
3667	5 
3668	4 
3669	73 
3670	47 
3671	24 
3672	58 
3673	99 
3674	50 
3675	19 
3676	48 
3677	80 
3678	61 
3679	107 
3680	62 
3681	51 
3682	59 
3683	97 
3684	23 
3685	23 
3686	113 
3687	69 
3688	21 
3689	35 
3690	19 
3691	7 
3692	24 
3693	90 
3694	94 
3695	81 
3696	28 
3697	67 
3698	47 
3699	93 
3700	114 
3701	56 
3702	11 
3703	35 
3704	12 
3705	19 
3706	88 
3707	49 
3708	70 
3709	84 
3710	12 
3711	11 
3712	109 
3713	51 
3714	74 
3715	97 
3716	39 
3717	49 
3718	75 
3719	92 
3720	96 
3721	23 
3722	7 
3723	84 
3724	85 
3725	64 
3726	31 
3727	29 
3728	66 
3729	89 
3730	21 
3731	17 
3732	3 
3733	81 
3734	41 
3735	120 
3736	100 
3737	30 
3738	46 
3739	84 
3740	105 
3741	16 
3742	21 
3743	39 
3744	86 
3745	38 
3746	75 
3747	99 
3748	67 
3749	51 
3750	58 
3751	100 
3752	7 
3753	94 
3754	45 
3755	85 
3756	101 
3757	44 
3758	47 
3759	14 
3760	112 
3761	50 
3762	61 
3763	42 
3764	120 
3765	53 
3766	102 
3767	68 
3768	5 
3769	43 
3770	13 
3771	98 
3772	33 
3773	2 
3774	12 
3775	86 
3776	95 
3777	95 
3778	28 
3779	120 
3780	79 
3781	7 
3782	107 
3783	93 
3784	25 
3785	17 
3786	63 
3787	22 
3788	32 
3789	33 
3790	11 
3791	97 
3792	76 
3793	94 
3794	96 
3795	56 
3796	96 
3797	7 
3798	111 
3799	14 
3800	8 
3801	52 
3802	99 
3803	7 
3804	77 
3805	80 
3806	103 
3807	32 
3808	8 
3809	37 
3810	86 
3811	11 
3812	52 
3813	10 
3814	55 
3815	11 
3816	80 
3817	87 
3818	110 
3819	119 
3820	3 
3821	84 
3822	60 
3823	54 
3824	111 
3825	69 
3826	51 
3827	108 
3828	16 
3829	33 
3830	88 
3831	28 
3832	118 
3833	78 
3834	91 
3835	65 
3836	37 
3837	57 
3838	118 
3839	18 
3840	30 
3841	1 
3842	20 
3843	68 
3844	109 
3845	5 
3846	75 
3847	101 
3848	20 
3849	34 
3850	80 
3851	103 
3852	114 
3853	35 
3854	56 
3855	43 
3856	39 
3857	3 
3858	63 
3859	30 
3860	53 
3861	9 
3862	96 
3863	17 
3864	94 
3865	41 
3866	108 
3867	59 
3868	111 
3869	10 
3870	38 
3871	70 
3872	37 
3873	7 
3874	12 
3875	54 
3876	25 
3877	67 
3878	104 
3879	117 
3880	115 
3881	93 
3882	73 
3883	113 
3884	30 
3885	2 
3886	109 
3887	14 
3888	106 
3889	24 
3890	2 
3891	112 
3892	57 
3893	86 
3894	72 
3895	61 
3896	15 
3897	94 
3898	32 
3899	87 
3900	33 
3901	19 
3902	100 
3903	18 
3904	23 
3905	112 
3906	2 
3907	64 
3908	61 
3909	93 
3910	10 
3911	118 
3912	108 
3913	70 
3914	114 
3915	94 
3916	29 
3917	84 
3918	51 
3919	40 
3920	60 
3921	71 
3922	50 
3923	7 
3924	18 
3925	11 
3926	41 
3927	45 
3928	59 
3929	82 
3930	4 
3931	48 
3932	104 
3933	34 
3934	80 
3935	102 
3936	84 
3937	91 
3938	16 
3939	82 
3940	81 
3941	23 
3942	4 
3943	48 
3944	48 
3945	40 
3946	105 
3947	63 
3948	109 
3949	49 
3950	59 
3951	87 
3952	22 
3953	80 
3954	19 
3955	7 
3956	113 
3957	116 
3958	71 
3959	50 
3960	94 
3961	4 
3962	115 
3963	67 
3964	61 
3965	20 
3966	84 
3967	22 
3968	75 
3969	103 
3970	36 
3971	37 
3972	20 
3973	87 
3974	31 
3975	44 
3976	47 
3977	6 
3978	115 
3979	4 
3980	111 
3981	85 
3982	67 
3983	97 
3984	48 
3985	30 
3986	19 
3987	44 
3988	105 
3989	44 
3990	33 
3991	51 
3992	34 
3993	27 
3994	86 
3995	16 
3996	47 
3997	59 
3998	64 
3999	119 
4000	72 
4001	43 
4002	17 
4003	42 
4004	25 
4005	76 
4006	109 
4007	13 
4008	79 
4009	32 
4010	57 
4011	89 
4012	29 
4013	23 
4014	98 
4015	118 
4016	18 
4017	66 
4018	69 
4019	108 
4020	55 
4021	18 
4022	35 
4023	85 
4024	39 
4025	11 
4026	35 
4027	106 
4028	22 
4029	112 
4030	9 
4031	29 
4032	20 
4033	51 
4034	73 
4035	91 
4036	31 
4037	69 
4038	111 
4039	82 
4040	81 
4041	104 
4042	49 
4043	85 
4044	12 
4045	41 
4046	106 
4047	25 
4048	20 
4049	32 
4050	55 
4051	62 
4052	113 
4053	114 
4054	35 
4055	8 
4056	102 
4057	19 
4058	50 
4059	6 
4060	97 
4061	33 
4062	22 
4063	40 
4064	58 
4065	21 
4066	1 
4067	31 
4068	33 
4069	3 
4070	7 
4071	71 
4072	75 
4073	69 
4074	113 
4075	54 
4076	116 
4077	102 
4078	101 
4079	39 
4080	83 
4081	115 
4082	57 
4083	114 
4084	32 
4085	35 
4086	92 
4087	55 
4088	95 
4089	25 
4090	103 
4091	43 
4092	48 
4093	90 
4094	95 
4095	11 
4096	21 
4097	57 
4098	29 
4099	19 
4100	89 
4101	119 
4102	87 
4103	7 
4104	1 
4105	99 
4106	41 
4107	48 
4108	104 
4109	104 
4110	104 
4111	24 
4112	46 
4113	89 
4114	108 
4115	85 
4116	3 
4117	30 
4118	26 
4119	2 
4120	39 
4121	88 
4122	107 
4123	96 
4124	53 
4125	49 
4126	108 
4127	49 
4128	65 
4129	57 
4130	110 
4131	114 
4132	42 
4133	96 
4134	20 
4135	33 
4136	44 
4137	32 
4138	55 
4139	42 
4140	87 
4141	90 
4142	38 
4143	2 
4144	66 
4145	80 
4146	118 
4147	47 
4148	88 
4149	97 
4150	74 
4151	24 
4152	60 
4153	76 
4154	1 
4155	60 
4156	39 
4157	104 
4158	90 
4159	92 
4160	28 
4161	74 
4162	72 
4163	82 
4164	112 
4165	100 
4166	52 
4167	20 
4168	46 
4169	52 
4170	104 
4171	2 
4172	97 
4173	75 
4174	115 
4175	58 
4176	6 
4177	71 
4178	46 
4179	16 
4180	25 
4181	50 
4182	41 
4183	83 
4184	81 
4185	52 
4186	89 
4187	83 
4188	32 
4189	14 
4190	7 
4191	9 
4192	32 
4193	103 
4194	69 
4195	14 
4196	59 
4197	115 
4198	43 
4199	76 
4200	112 
4201	89 
4202	53 
4203	25 
4204	64 
4205	23 
4206	74 
4207	119 
4208	74 
4209	6 
4210	106 
4211	34 
4212	30 
4213	6 
4214	108 
4215	112 
4216	40 
4217	83 
4218	106 
4219	117 
4220	59 
4221	16 
4222	58 
4223	96 
4224	101 
4225	100 
4226	12 
4227	103 
4228	55 
4229	37 
4230	48 
4231	74 
4232	94 
4233	78 
4234	86 
4235	66 
4236	112 
4237	113 
4238	86 
4239	2 
4240	73 
4241	3 
4242	107 
4243	57 
4244	90 
4245	98 
4246	78 
4247	98 
4248	63 
4249	117 
4250	65 
4251	119 
4252	52 
4253	56 
4254	106 
4255	29 
4256	7 
4257	91 
4258	78 
4259	59 
4260	7 
4261	91 
4262	114 
4263	84 
4264	8 
4265	52 
4266	18 
4267	114 
4268	28 
4269	95 
4270	12 
4271	27 
4272	48 
4273	7 
4274	31 
4275	25 
4276	4 
4277	23 
4278	87 
4279	22 
4280	75 
4281	29 
4282	11 
4283	58 
4284	110 
4285	39 
4286	97 
4287	79 
4288	96 
4289	26 
4290	72 
4291	10 
4292	9 
4293	48 
4294	81 
4295	60 
4296	87 
4297	71 
4298	51 
4299	81 
4300	42 
4301	51 
4302	76 
4303	47 
4304	4 
4305	57 
4306	71 
4307	117 
4308	96 
4309	1 
4310	15 
4311	60 
4312	27 
4313	23 
4314	110 
4315	101 
4316	107 
4317	110 
4318	120 
4319	71 
4320	39 
4321	111 
4322	91 
4323	83 
4324	101 
4325	108 
4326	83 
4327	4 
4328	61 
4329	115 
4330	88 
4331	80 
4332	61 
4333	120 
4334	36 
4335	56 
4336	54 
4337	82 
4338	81 
4339	80 
4340	65 
4341	71 
4342	23 
4343	47 
4344	107 
4345	120 
4346	69 
4347	113 
4348	101 
4349	96 
4350	85 
4351	39 
4352	112 
4353	43 
4354	23 
4355	11 
4356	90 
4357	110 
4358	89 
4359	4 
4360	120 
4361	12 
4362	22 
4363	44 
4364	55 
4365	38 
4366	9 
4367	73 
4368	52 
4369	116 
4370	13 
4371	54 
4372	24 
4373	28 
4374	101 
4375	64 
4376	92 
4377	52 
4378	84 
4379	120 
4380	81 
4381	36 
4382	20 
4383	41 
4384	91 
4385	22 
4386	17 
4387	16 
4388	4 
4389	34 
4390	32 
4391	70 
4392	18 
4393	84 
4394	87 
4395	106 
4396	92 
4397	49 
4398	110 
4399	114 
4400	117 
4401	31 
4402	99 
4403	7 
4404	16 
4405	93 
4406	42 
4407	46 
4408	52 
4409	25 
4410	17 
4411	88 
4412	36 
4413	9 
4414	65 
4415	25 
4416	11 
4417	27 
4418	107 
4419	51 
4420	85 
4421	56 
4422	76 
4423	7 
4424	57 
4425	5 
4426	64 
4427	48 
4428	40 
4429	108 
4430	79 
4431	26 
4432	19 
4433	53 
4434	113 
4435	4 
4436	70 
4437	87 
4438	91 
4439	73 
4440	7 
4441	89 
4442	31 
4443	55 
4444	110 
4445	23 
4446	70 
4447	55 
4448	45 
4449	108 
4450	82 
4451	30 
4452	88 
4453	109 
4454	25 
4455	75 
4456	85 
4457	100 
4458	15 
4459	67 
4460	2 
4461	114 
4462	38 
4463	12 
4464	18 
4465	106 
4466	118 
4467	35 
4468	103 
4469	103 
4470	117 
4471	101 
4472	101 
4473	36 
4474	56 
4475	114 
4476	14 
4477	16 
4478	44 
4479	31 
4480	32 
4481	120 
4482	117 
4483	104 
4484	13 
4485	109 
4486	103 
4487	106 
4488	96 
4489	46 
4490	52 
4491	15 
4492	117 
4493	10 
4494	69 
4495	100 
4496	64 
4497	59 
4498	29 
4499	20 
4500	77 
4501	28 
4502	111 
4503	97 
4504	75 
4505	34 
4506	56 
4507	18 
4508	48 
4509	74 
4510	91 
4511	28 
4512	28 
4513	58 
4514	87 
4515	66 
4516	62 
4517	43 
4518	50 
4519	78 
4520	11 
4521	97 
4522	15 
4523	60 
4524	29 
4525	91 
4526	75 
4527	34 
4528	79 
4529	117 
4530	114 
4531	111 
4532	23 
4533	70 
4534	42 
4535	43 
4536	60 
4537	99 
4538	58 
4539	90 
4540	120 
4541	28 
4542	32 
4543	105 
4544	49 
4545	97 
4546	22 
4547	56 
4548	29 
4549	81 
4550	18 
4551	58 
4552	51 
4553	117 
4554	61 
4555	106 
4556	92 
4557	18 
4558	111 
4559	84 
4560	105 
4561	76 
4562	106 
4563	58 
4564	34 
4565	3 
4566	19 
4567	29 
4568	50 
4569	35 
4570	8 
4571	45 
4572	43 
4573	62 
4574	2 
4575	118 
4576	65 
4577	59 
4578	36 
4579	120 
4580	8 
4581	40 
4582	24 
4583	59 
4584	93 
4585	112 
4586	98 
4587	103 
4588	98 
4589	71 
4590	117 
4591	60 
4592	93 
4593	117 
4594	52 
4595	30 
4596	118 
4597	108 
4598	118 
4599	38 
4600	2 
4601	20 
4602	35 
4603	2 
4604	2 
4605	77 
4606	69 
4607	40 
4608	52 
4609	116 
4610	54 
4611	91 
4612	18 
4613	87 
4614	66 
4615	54 
4616	51 
4617	65 
4618	38 
4619	49 
4620	37 
4621	45 
4622	106 
4623	105 
4624	81 
4625	85 
4626	49 
4627	26 
4628	40 
4629	25 
4630	50 
4631	110 
4632	31 
4633	13 
4634	115 
4635	64 
4636	90 
4637	69 
4638	95 
4639	117 
4640	87 
4641	74 
4642	93 
4643	36 
4644	30 
4645	44 
4646	50 
4647	26 
4648	98 
4649	46 
4650	111 
4651	43 
4652	13 
4653	95 
4654	52 
4655	98 
4656	115 
4657	85 
4658	6 
4659	83 
4660	63 
4661	83 
4662	92 
4663	14 
4664	76 
4665	119 
4666	89 
4667	52 
4668	71 
4669	60 
4670	65 
4671	120 
4672	1 
4673	51 
4674	59 
4675	40 
4676	108 
4677	93 
4678	1 
4679	4 
4680	11 
4681	74 
4682	79 
4683	63 
4684	5 
4685	17 
4686	104 
4687	18 
4688	60 
4689	16 
4690	95 
4691	4 
4692	2 
4693	67 
4694	31 
4695	29 
4696	10 
4697	76 
4698	103 
4699	111 
4700	65 
4701	103 
4702	45 
4703	49 
4704	97 
4705	27 
4706	115 
4707	111 
4708	107 
4709	47 
4710	117 
4711	37 
4712	100 
4713	12 
4714	111 
4715	18 
4716	28 
4717	81 
4718	69 
4719	88 
4720	70 
4721	114 
4722	81 
4723	53 
4724	74 
4725	106 
4726	35 
4727	107 
4728	100 
4729	67 
4730	13 
4731	68 
4732	8 
4733	60 
4734	110 
4735	106 
4736	92 
4737	104 
4738	94 
4739	65 
4740	51 
4741	25 
4742	69 
4743	100 
4744	72 
4745	62 
4746	20 
4747	42 
4748	21 
4749	81 
4750	110 
4751	2 
4752	58 
4753	16 
4754	23 
4755	28 
4756	59 
4757	18 
4758	103 
4759	64 
4760	49 
4761	42 
4762	48 
4763	38 
4764	29 
4765	70 
4766	96 
4767	103 
4768	65 
4769	92 
4770	114 
4771	51 
4772	7 
4773	54 
4774	114 
4775	7 
4776	104 
4777	42 
4778	12 
4779	118 
4780	26 
4781	69 
4782	25 
4783	25 
4784	72 
4785	95 
4786	61 
4787	22 
4788	95 
4789	112 
4790	106 
4791	96 
4792	50 
4793	119 
4794	19 
4795	22 
4796	71 
4797	94 
4798	90 
4799	42 
4800	111 
4801	114 
4802	51 
4803	24 
4804	45 
4805	100 
4806	102 
4807	80 
4808	65 
4809	13 
4810	4 
4811	12 
4812	20 
4813	43 
4814	39 
4815	7 
4816	62 
4817	56 
4818	59 
4819	96 
4820	88 
4821	24 
4822	51 
4823	67 
4824	38 
4825	61 
4826	63 
4827	50 
4828	29 
4829	11 
4830	82 
4831	29 
4832	82 
4833	101 
4834	115 
4835	3 
4836	84 
4837	81 
4838	3 
4839	98 
4840	47 
4841	51 
4842	45 
4843	96 
4844	50 
4845	53 
4846	7 
4847	65 
4848	44 
4849	109 
4850	97 
4851	58 
4852	4 
4853	47 
4854	11 
4855	76 
4856	7 
4857	21 
4858	16 
4859	46 
4860	54 
4861	2 
4862	80 
4863	49 
4864	2 
4865	83 
4866	114 
4867	70 
4868	2 
4869	22 
4870	33 
4871	11 
4872	70 
4873	82 
4874	110 
4875	16 
4876	36 
4877	18 
4878	99 
4879	54 
4880	87 
4881	87 
4882	82 
4883	69 
4884	43 
4885	35 
4886	98 
4887	112 
4888	95 
4889	112 
4890	3 
4891	48 
4892	31 
4893	19 
4894	67 
4895	90 
4896	21 
4897	117 
4898	75 
4899	85 
4900	97 
4901	54 
4902	89 
4903	36 
4904	11 
4905	116 
4906	80 
4907	54 
4908	19 
4909	98 
4910	48 
4911	76 
4912	111 
4913	50 
4914	65 
4915	113 
4916	67 
4917	113 
4918	120 
4919	70 
4920	34 
4921	24 
4922	78 
4923	18 
4924	11 
4925	60 
4926	42 
4927	107 
4928	21 
4929	11 
4930	57 
4931	104 
4932	7 
4933	66 
4934	2 
4935	44 
4936	75 
4937	109 
4938	90 
4939	85 
4940	42 
4941	8 
4942	86 
4943	101 
4944	42 
4945	67 
4946	12 
4947	112 
4948	17 
4949	52 
4950	32 
4951	27 
4952	99 
4953	85 
4954	77 
4955	110 
4956	12 
4957	78 
4958	26 
4959	24 
4960	13 
4961	50 
4962	79 
4963	19 
4964	82 
4965	3 
4966	46 
4967	116 
4968	51 
4969	110 
4970	71 
4971	4 
4972	95 
4973	36 
4974	76 
4975	8 
4976	32 
4977	1 
4978	95 
4979	103 
4980	43 
4981	70 
4982	3 
4983	29 
4984	23 
4985	41 
4986	22 
4987	48 
4988	111 
4989	97 
4990	34 
4991	5 
4992	15 
4993	29 
4994	41 
4995	47 
4996	117 
4997	13 
4998	101 
4999	31 
5000	69 
