1	207 
2	213 
3	11 
4	169 
5	140 
6	111 
7	126 
8	193 
9	173 
10	90 
11	3 
12	101 
13	170 
14	64 
15	19 
16	175 
17	28 
18	61 
19	123 
20	84 
21	111 
22	84 
23	77 
24	212 
25	114 
26	83 
27	5 
28	11 
29	38 
30	26 
31	9 
32	110 
33	132 
34	122 
35	111 
36	194 
37	185 
38	95 
39	52 
40	33 
41	20 
42	104 
43	7 
44	46 
45	47 
46	113 
47	156 
48	196 
49	51 
50	7 
51	136 
52	207 
53	38 
54	57 
55	156 
56	170 
57	15 
58	51 
59	58 
60	178 
61	102 
62	52 
63	193 
64	166 
65	44 
66	17 
67	122 
68	177 
69	65 
70	15 
71	40 
72	116 
73	204 
74	79 
75	98 
76	198 
77	163 
78	94 
79	22 
80	69 
81	149 
82	18 
83	53 
84	33 
85	12 
86	113 
87	76 
88	42 
89	70 
90	177 
91	179 
92	57 
93	42 
94	214 
95	72 
96	125 
97	159 
98	74 
99	11 
100	101 
101	73 
102	204 
103	89 
104	18 
105	35 
106	111 
107	186 
108	141 
109	162 
110	152 
111	98 
112	86 
113	15 
114	111 
115	4 
116	42 
117	75 
118	5 
119	28 
120	3 
121	126 
122	210 
123	169 
124	8 
125	199 
126	84 
127	51 
128	158 
129	106 
130	95 
131	193 
132	88 
133	94 
134	166 
135	163 
136	201 
137	179 
138	130 
139	187 
140	162 
141	171 
142	196 
143	18 
144	140 
145	36 
146	158 
147	185 
148	67 
149	159 
150	125 
151	165 
152	72 
153	22 
154	177 
155	84 
156	164 
157	181 
158	189 
159	129 
160	192 
161	45 
162	51 
163	58 
164	156 
165	57 
166	18 
167	72 
168	92 
169	26 
170	132 
171	209 
172	84 
173	54 
174	4 
175	23 
176	211 
177	47 
178	29 
179	19 
180	158 
181	97 
182	158 
183	37 
184	14 
185	153 
186	119 
187	212 
188	49 
189	73 
190	212 
191	125 
192	140 
193	132 
194	24 
195	201 
196	168 
197	77 
198	117 
199	85 
200	108 
201	64 
202	26 
203	199 
204	104 
205	188 
206	155 
207	162 
208	107 
209	56 
210	49 
211	132 
212	141 
213	184 
214	79 
215	202 
216	65 
217	185 
218	21 
219	214 
220	99 
221	106 
222	119 
223	26 
224	164 
225	97 
226	199 
227	6 
228	142 
229	118 
230	74 
231	191 
232	97 
233	155 
234	111 
235	18 
236	128 
237	66 
238	212 
239	25 
240	175 
241	52 
242	143 
243	122 
244	206 
245	7 
246	37 
247	53 
248	215 
249	192 
250	127 
251	176 
252	119 
253	13 
254	3 
255	8 
256	147 
257	197 
258	136 
259	22 
260	131 
261	91 
262	161 
263	195 
264	39 
265	95 
266	49 
267	73 
268	65 
269	155 
270	50 
271	178 
272	212 
273	121 
274	124 
275	17 
276	208 
277	138 
278	57 
279	109 
280	90 
281	90 
282	138 
283	46 
284	27 
285	110 
286	129 
287	56 
288	167 
289	94 
290	74 
291	168 
292	138 
293	84 
294	40 
295	191 
296	99 
297	124 
298	188 
299	154 
300	200 
301	139 
302	41 
303	124 
304	4 
305	62 
306	77 
307	50 
308	199 
309	158 
310	5 
311	146 
312	177 
313	149 
314	201 
315	36 
316	124 
317	172 
318	57 
319	42 
320	208 
321	20 
322	102 
323	86 
324	64 
325	90 
326	83 
327	169 
328	141 
329	167 
330	204 
331	9 
332	122 
333	8 
334	139 
335	10 
336	123 
337	142 
338	71 
339	161 
340	109 
341	20 
342	27 
343	155 
344	84 
345	29 
346	20 
347	2 
348	78 
349	87 
350	211 
351	61 
352	18 
353	68 
354	102 
355	168 
356	22 
357	150 
358	163 
359	155 
360	208 
361	125 
362	18 
363	179 
364	180 
365	193 
366	70 
367	120 
368	176 
369	152 
370	104 
371	87 
372	179 
373	106 
374	155 
375	83 
376	58 
377	104 
378	124 
379	94 
380	19 
381	203 
382	36 
383	19 
384	202 
385	200 
386	198 
387	167 
388	204 
389	1 
390	76 
391	20 
392	195 
393	89 
394	195 
395	32 
396	40 
397	163 
398	190 
399	96 
400	165 
401	78 
402	86 
403	187 
404	162 
405	123 
406	60 
407	14 
408	44 
409	59 
410	190 
411	162 
412	72 
413	43 
414	187 
415	35 
416	163 
417	115 
418	162 
419	28 
420	132 
421	108 
422	38 
423	164 
424	204 
425	34 
426	5 
427	160 
428	151 
429	90 
430	12 
431	67 
432	50 
433	27 
434	132 
435	128 
436	28 
437	176 
438	171 
439	137 
440	208 
441	193 
442	125 
443	89 
444	158 
445	21 
446	71 
447	95 
448	7 
449	205 
450	33 
451	78 
452	8 
453	77 
454	203 
455	9 
456	145 
457	212 
458	156 
459	181 
460	21 
461	112 
462	112 
463	95 
464	63 
465	166 
466	181 
467	59 
468	19 
469	179 
470	82 
471	36 
472	156 
473	98 
474	93 
475	43 
476	59 
477	172 
478	78 
479	168 
480	142 
481	48 
482	184 
483	151 
484	25 
485	183 
486	3 
487	62 
488	139 
489	74 
490	76 
491	195 
492	28 
493	5 
494	38 
495	189 
496	4 
497	53 
498	116 
499	67 
500	119 
501	70 
502	79 
503	138 
504	121 
505	7 
506	42 
507	138 
508	185 
509	79 
510	29 
511	120 
512	18 
513	151 
514	124 
515	195 
516	195 
517	69 
518	178 
519	119 
520	27 
521	35 
522	198 
523	29 
524	154 
525	135 
526	42 
527	150 
528	150 
529	42 
530	99 
531	207 
532	203 
533	146 
534	199 
535	47 
536	142 
537	39 
538	72 
539	66 
540	126 
541	197 
542	63 
543	52 
544	214 
545	83 
546	192 
547	15 
548	116 
549	129 
550	16 
551	179 
552	191 
553	20 
554	89 
555	215 
556	86 
557	108 
558	36 
559	138 
560	211 
561	81 
562	215 
563	124 
564	154 
565	198 
566	57 
567	176 
568	24 
569	86 
570	207 
571	91 
572	14 
573	145 
574	77 
575	53 
576	39 
577	94 
578	87 
579	3 
580	18 
581	3 
582	38 
583	115 
584	6 
585	138 
586	147 
587	27 
588	71 
589	141 
590	121 
591	33 
592	169 
593	94 
594	166 
595	135 
596	161 
597	74 
598	179 
599	184 
600	114 
601	197 
602	207 
603	159 
604	126 
605	15 
606	6 
607	153 
608	14 
609	60 
610	85 
611	169 
612	88 
613	54 
614	20 
615	40 
616	103 
617	212 
618	85 
619	14 
620	200 
621	25 
622	66 
623	34 
624	87 
625	149 
626	133 
627	183 
628	34 
629	186 
630	137 
631	91 
632	64 
633	127 
634	78 
635	25 
636	176 
637	66 
638	46 
639	99 
640	206 
641	63 
642	32 
643	72 
644	191 
645	184 
646	23 
647	198 
648	209 
649	42 
650	204 
651	22 
652	105 
653	48 
654	163 
655	159 
656	2 
657	135 
658	179 
659	214 
660	5 
661	95 
662	121 
663	162 
664	52 
665	36 
666	10 
667	125 
668	31 
669	45 
670	67 
671	199 
672	126 
673	63 
674	1 
675	26 
676	55 
677	6 
678	184 
679	56 
680	57 
681	13 
682	99 
683	14 
684	98 
685	149 
686	77 
687	125 
688	91 
689	98 
690	197 
691	198 
692	89 
693	126 
694	189 
695	56 
696	208 
697	21 
698	176 
699	170 
700	81 
701	146 
702	65 
703	189 
704	77 
705	179 
706	186 
707	170 
708	215 
709	175 
710	214 
711	97 
712	145 
713	82 
714	167 
715	109 
716	146 
717	187 
718	64 
719	171 
720	81 
721	76 
722	110 
723	152 
724	146 
725	87 
726	83 
727	37 
728	89 
729	121 
730	209 
731	183 
732	128 
733	66 
734	47 
735	112 
736	117 
737	35 
738	207 
739	208 
740	119 
741	104 
742	205 
743	161 
744	162 
745	147 
746	2 
747	127 
748	186 
749	109 
750	22 
751	85 
752	19 
753	50 
754	102 
755	130 
756	104 
757	14 
758	103 
759	80 
760	75 
761	168 
762	101 
763	162 
764	143 
765	46 
766	42 
767	173 
768	142 
769	172 
770	184 
771	19 
772	152 
773	34 
774	109 
775	174 
776	165 
777	159 
778	48 
779	202 
780	25 
781	152 
782	58 
783	158 
784	25 
785	118 
786	67 
787	172 
788	79 
789	162 
790	209 
791	139 
792	102 
793	202 
794	31 
795	66 
796	78 
797	152 
798	26 
799	189 
800	191 
801	9 
802	77 
803	199 
804	118 
805	161 
806	72 
807	71 
808	92 
809	145 
810	40 
811	33 
812	92 
813	5 
814	137 
815	91 
816	212 
817	191 
818	155 
819	205 
820	77 
821	198 
822	97 
823	156 
824	144 
825	80 
826	27 
827	162 
828	53 
829	183 
830	128 
831	196 
832	108 
833	83 
834	130 
835	174 
836	200 
837	95 
838	46 
839	14 
840	196 
841	47 
842	34 
843	148 
844	182 
845	62 
846	108 
847	15 
848	102 
849	86 
850	89 
851	102 
852	206 
853	90 
854	153 
855	46 
856	50 
857	200 
858	11 
859	161 
860	166 
861	166 
862	9 
863	124 
864	46 
865	1 
866	46 
867	134 
868	166 
869	71 
870	181 
871	136 
872	116 
873	177 
874	26 
875	135 
876	49 
877	47 
878	133 
879	88 
880	152 
881	40 
882	119 
883	83 
884	185 
885	95 
886	57 
887	89 
888	186 
889	144 
890	185 
891	158 
892	53 
893	12 
894	67 
895	127 
896	134 
897	65 
898	17 
899	90 
900	68 
901	128 
902	141 
903	168 
904	112 
905	154 
906	211 
907	107 
908	86 
909	210 
910	118 
911	89 
912	38 
913	194 
914	100 
915	183 
916	144 
917	85 
918	213 
919	60 
920	107 
921	91 
922	178 
923	205 
924	4 
925	171 
926	76 
927	43 
928	115 
929	135 
930	27 
931	99 
932	182 
933	12 
934	94 
935	62 
936	76 
937	89 
938	207 
939	105 
940	63 
941	68 
942	155 
943	128 
944	208 
945	152 
946	198 
947	117 
948	176 
949	205 
950	183 
951	18 
952	195 
953	205 
954	211 
955	159 
956	64 
957	159 
958	71 
959	75 
960	180 
961	49 
962	60 
963	93 
964	143 
965	188 
966	45 
967	41 
968	150 
969	92 
970	7 
971	139 
972	33 
973	171 
974	14 
975	23 
976	32 
977	67 
978	98 
979	162 
980	139 
981	90 
982	63 
983	215 
984	74 
985	179 
986	43 
987	20 
988	51 
989	94 
990	129 
991	1 
992	120 
993	50 
994	76 
995	137 
996	167 
997	4 
998	160 
999	105 
1000	169 
1001	139 
1002	28 
1003	143 
1004	139 
1005	159 
1006	93 
1007	105 
1008	19 
1009	212 
1010	173 
1011	123 
1012	181 
1013	161 
1014	22 
1015	60 
1016	91 
1017	150 
1018	75 
1019	33 
1020	15 
1021	2 
1022	113 
1023	138 
1024	7 
1025	29 
1026	53 
1027	48 
1028	134 
1029	203 
1030	190 
1031	19 
1032	128 
1033	128 
1034	183 
1035	201 
1036	159 
1037	43 
1038	100 
1039	78 
1040	169 
1041	10 
1042	77 
1043	99 
1044	109 
1045	164 
1046	180 
1047	172 
1048	38 
1049	163 
1050	21 
1051	192 
1052	107 
1053	50 
1054	181 
1055	171 
1056	88 
1057	153 
1058	110 
1059	206 
1060	186 
1061	142 
1062	51 
1063	132 
1064	183 
1065	23 
1066	158 
1067	34 
1068	153 
1069	14 
1070	104 
1071	177 
1072	98 
1073	114 
1074	95 
1075	88 
1076	79 
1077	112 
1078	33 
1079	208 
1080	130 
1081	38 
1082	60 
1083	185 
1084	74 
1085	108 
1086	13 
1087	151 
1088	24 
1089	93 
1090	60 
1091	162 
1092	192 
1093	84 
1094	150 
1095	100 
1096	33 
1097	76 
1098	34 
1099	126 
1100	160 
1101	80 
1102	180 
1103	193 
1104	34 
1105	7 
1106	117 
1107	170 
1108	2 
1109	84 
1110	107 
1111	123 
1112	69 
1113	151 
1114	99 
1115	104 
1116	90 
1117	121 
1118	17 
1119	29 
1120	48 
1121	11 
1122	13 
1123	89 
1124	18 
1125	210 
1126	111 
1127	106 
1128	195 
1129	104 
1130	108 
1131	130 
1132	177 
1133	55 
1134	210 
1135	142 
1136	163 
1137	135 
1138	97 
1139	1 
1140	89 
1141	66 
1142	86 
1143	138 
1144	181 
1145	34 
1146	145 
1147	210 
1148	185 
1149	198 
1150	25 
1151	105 
1152	142 
1153	151 
1154	165 
1155	9 
1156	162 
1157	40 
1158	111 
1159	42 
1160	154 
1161	54 
1162	80 
1163	184 
1164	166 
1165	141 
1166	148 
1167	89 
1168	185 
1169	89 
1170	7 
1171	207 
1172	81 
1173	84 
1174	64 
1175	24 
1176	61 
1177	199 
1178	21 
1179	96 
1180	6 
1181	15 
1182	21 
1183	17 
1184	116 
1185	205 
1186	156 
1187	96 
1188	20 
1189	115 
1190	45 
1191	9 
1192	81 
1193	213 
1194	31 
1195	42 
1196	86 
1197	183 
1198	162 
1199	211 
1200	135 
1201	41 
1202	75 
1203	106 
1204	77 
1205	190 
1206	211 
1207	186 
1208	135 
1209	15 
1210	88 
1211	156 
1212	102 
1213	164 
1214	149 
1215	167 
1216	138 
1217	179 
1218	70 
1219	166 
1220	54 
1221	54 
1222	192 
1223	75 
1224	20 
1225	143 
1226	149 
1227	105 
1228	14 
1229	96 
1230	207 
1231	194 
1232	49 
1233	57 
1234	115 
1235	102 
1236	36 
1237	25 
1238	200 
1239	60 
1240	200 
1241	89 
1242	45 
1243	10 
1244	11 
1245	154 
1246	88 
1247	73 
1248	33 
1249	36 
1250	195 
1251	215 
1252	119 
1253	18 
1254	212 
1255	85 
1256	63 
1257	161 
1258	86 
1259	195 
1260	120 
1261	193 
1262	62 
1263	6 
1264	161 
1265	98 
1266	87 
1267	184 
1268	184 
1269	178 
1270	137 
1271	11 
1272	158 
1273	90 
1274	33 
1275	49 
1276	199 
1277	25 
1278	99 
1279	22 
1280	23 
1281	119 
1282	127 
1283	138 
1284	170 
1285	184 
1286	194 
1287	156 
1288	103 
1289	74 
1290	152 
1291	184 
1292	78 
1293	141 
1294	147 
1295	182 
1296	169 
1297	88 
1298	62 
1299	202 
1300	62 
1301	204 
1302	126 
1303	160 
1304	119 
1305	57 
1306	83 
1307	132 
1308	110 
1309	61 
1310	111 
1311	67 
1312	81 
1313	130 
1314	137 
1315	13 
1316	215 
1317	148 
1318	59 
1319	193 
1320	16 
1321	187 
1322	89 
1323	77 
1324	106 
1325	148 
1326	72 
1327	19 
1328	198 
1329	84 
1330	214 
1331	82 
1332	126 
1333	35 
1334	123 
1335	169 
1336	194 
1337	184 
1338	92 
1339	114 
1340	212 
1341	165 
1342	164 
1343	102 
1344	212 
1345	69 
1346	118 
1347	115 
1348	64 
1349	163 
1350	17 
1351	57 
1352	103 
1353	154 
1354	98 
1355	6 
1356	212 
1357	70 
1358	12 
1359	197 
1360	69 
1361	192 
1362	157 
1363	113 
1364	100 
1365	196 
1366	84 
1367	124 
1368	22 
1369	106 
1370	103 
1371	113 
1372	70 
1373	199 
1374	9 
1375	127 
1376	36 
1377	116 
1378	169 
1379	96 
1380	66 
1381	168 
1382	184 
1383	8 
1384	11 
1385	144 
1386	85 
1387	181 
1388	85 
1389	76 
1390	184 
1391	75 
1392	34 
1393	6 
1394	145 
1395	192 
1396	154 
1397	26 
1398	62 
1399	21 
1400	84 
1401	76 
1402	205 
1403	2 
1404	180 
1405	51 
1406	180 
1407	122 
1408	196 
1409	28 
1410	13 
1411	83 
1412	142 
1413	184 
1414	204 
1415	92 
1416	196 
1417	45 
1418	157 
1419	7 
1420	128 
1421	9 
1422	20 
1423	110 
1424	118 
1425	208 
1426	179 
1427	159 
1428	148 
1429	157 
1430	15 
1431	7 
1432	86 
1433	199 
1434	127 
1435	112 
1436	166 
1437	85 
1438	180 
1439	11 
1440	147 
1441	84 
1442	90 
1443	184 
1444	212 
1445	98 
1446	206 
1447	164 
1448	86 
1449	97 
1450	120 
1451	57 
1452	108 
1453	112 
1454	136 
1455	81 
1456	215 
1457	97 
1458	52 
1459	64 
1460	61 
1461	138 
1462	40 
1463	199 
1464	201 
1465	57 
1466	73 
1467	213 
1468	13 
1469	133 
1470	8 
1471	57 
1472	156 
1473	165 
1474	24 
1475	15 
1476	65 
1477	16 
1478	176 
1479	192 
1480	7 
1481	57 
1482	68 
1483	51 
1484	133 
1485	20 
1486	100 
1487	6 
1488	112 
1489	120 
1490	66 
1491	95 
1492	62 
1493	172 
1494	160 
1495	99 
1496	162 
1497	115 
1498	57 
1499	169 
1500	206 
1501	23 
1502	165 
1503	33 
1504	211 
1505	37 
1506	29 
1507	174 
1508	11 
1509	35 
1510	22 
1511	191 
1512	214 
1513	111 
1514	123 
1515	105 
1516	214 
1517	87 
1518	29 
1519	81 
1520	49 
1521	126 
1522	135 
1523	191 
1524	140 
1525	66 
1526	14 
1527	142 
1528	69 
1529	18 
1530	180 
1531	183 
1532	90 
1533	67 
1534	55 
1535	108 
1536	150 
1537	133 
1538	154 
1539	192 
1540	167 
1541	132 
1542	43 
1543	63 
1544	9 
1545	171 
1546	186 
1547	90 
1548	10 
1549	191 
1550	43 
1551	46 
1552	202 
1553	148 
1554	150 
1555	150 
1556	188 
1557	29 
1558	148 
1559	188 
1560	163 
1561	129 
1562	61 
1563	86 
1564	105 
1565	5 
1566	62 
1567	63 
1568	90 
1569	39 
1570	44 
1571	64 
1572	81 
1573	28 
1574	152 
1575	81 
1576	174 
1577	63 
1578	126 
1579	50 
1580	188 
1581	111 
1582	176 
1583	80 
1584	194 
1585	135 
1586	165 
1587	65 
1588	21 
1589	124 
1590	14 
1591	33 
1592	19 
1593	174 
1594	167 
1595	150 
1596	77 
1597	53 
1598	164 
1599	32 
1600	39 
1601	125 
1602	187 
1603	11 
1604	174 
1605	25 
1606	174 
1607	140 
1608	99 
1609	146 
1610	101 
1611	131 
1612	50 
1613	94 
1614	143 
1615	16 
1616	8 
1617	126 
1618	140 
1619	211 
1620	206 
1621	21 
1622	4 
1623	96 
1624	195 
1625	145 
1626	25 
1627	163 
1628	212 
1629	97 
1630	11 
1631	147 
1632	151 
1633	64 
1634	206 
1635	197 
1636	69 
1637	141 
1638	154 
1639	36 
1640	207 
1641	142 
1642	83 
1643	40 
1644	210 
1645	30 
1646	66 
1647	173 
1648	44 
1649	54 
1650	173 
1651	180 
1652	156 
1653	15 
1654	44 
1655	82 
1656	86 
1657	111 
1658	204 
1659	167 
1660	36 
1661	82 
1662	191 
1663	61 
1664	45 
1665	8 
1666	86 
1667	206 
1668	19 
1669	150 
1670	189 
1671	47 
1672	159 
1673	34 
1674	197 
1675	90 
1676	59 
1677	102 
1678	42 
1679	58 
1680	104 
1681	156 
1682	17 
1683	136 
1684	207 
1685	162 
1686	6 
1687	36 
1688	137 
1689	104 
1690	97 
1691	2 
1692	80 
1693	155 
1694	91 
1695	78 
1696	136 
1697	145 
1698	10 
1699	10 
1700	199 
1701	130 
1702	34 
1703	26 
1704	23 
1705	105 
1706	212 
1707	17 
1708	30 
1709	28 
1710	205 
1711	11 
1712	158 
1713	6 
1714	132 
1715	62 
1716	112 
1717	156 
1718	160 
1719	20 
1720	177 
1721	66 
1722	182 
1723	41 
1724	171 
1725	127 
1726	45 
1727	1 
1728	198 
1729	208 
1730	177 
1731	79 
1732	119 
1733	214 
1734	153 
1735	200 
1736	140 
1737	96 
1738	18 
1739	50 
1740	207 
1741	202 
1742	132 
1743	116 
1744	73 
1745	62 
1746	34 
1747	193 
1748	34 
1749	117 
1750	141 
1751	26 
1752	85 
1753	24 
1754	117 
1755	64 
1756	26 
1757	96 
1758	88 
1759	32 
1760	77 
1761	93 
1762	148 
1763	147 
1764	183 
1765	199 
1766	165 
1767	208 
1768	136 
1769	70 
1770	125 
1771	15 
1772	183 
1773	211 
1774	111 
1775	101 
1776	1 
1777	151 
1778	200 
1779	62 
1780	4 
1781	111 
1782	117 
1783	110 
1784	79 
1785	16 
1786	102 
1787	122 
1788	101 
1789	57 
1790	18 
1791	92 
1792	123 
1793	137 
1794	115 
1795	78 
1796	210 
1797	61 
1798	133 
1799	119 
1800	7 
1801	81 
1802	26 
1803	108 
1804	25 
1805	30 
1806	26 
1807	195 
1808	160 
1809	4 
1810	107 
1811	100 
1812	4 
1813	14 
1814	173 
1815	162 
1816	57 
1817	24 
1818	21 
1819	60 
1820	70 
1821	41 
1822	35 
1823	52 
1824	29 
1825	93 
1826	73 
1827	11 
1828	16 
1829	5 
1830	115 
1831	53 
1832	202 
1833	29 
1834	31 
1835	45 
1836	162 
1837	128 
1838	124 
1839	166 
1840	189 
1841	153 
1842	41 
1843	182 
1844	43 
1845	20 
1846	185 
1847	18 
1848	57 
1849	140 
1850	43 
1851	206 
1852	85 
1853	110 
1854	59 
1855	6 
1856	81 
1857	108 
1858	207 
1859	89 
1860	136 
1861	42 
1862	3 
1863	67 
1864	130 
1865	124 
1866	8 
1867	159 
1868	86 
1869	85 
1870	151 
1871	41 
1872	67 
1873	15 
1874	208 
1875	94 
1876	153 
1877	60 
1878	76 
1879	134 
1880	168 
1881	166 
1882	116 
1883	187 
1884	103 
1885	121 
1886	30 
1887	81 
1888	136 
1889	69 
1890	84 
1891	36 
1892	37 
1893	189 
1894	66 
1895	114 
1896	198 
1897	59 
1898	118 
1899	202 
1900	55 
1901	135 
1902	4 
1903	48 
1904	115 
1905	191 
1906	84 
1907	9 
1908	34 
1909	201 
1910	149 
1911	33 
1912	27 
1913	209 
1914	58 
1915	183 
1916	183 
1917	163 
1918	61 
1919	102 
1920	109 
1921	38 
1922	185 
1923	23 
1924	48 
1925	184 
1926	15 
1927	74 
1928	45 
1929	45 
1930	101 
1931	119 
1932	25 
1933	5 
1934	147 
1935	16 
1936	51 
1937	176 
1938	131 
1939	119 
1940	99 
1941	67 
1942	5 
1943	31 
1944	206 
1945	69 
1946	144 
1947	42 
1948	25 
1949	101 
1950	45 
1951	164 
1952	172 
1953	194 
1954	200 
1955	133 
1956	110 
1957	79 
1958	35 
1959	168 
1960	164 
1961	90 
1962	177 
1963	94 
1964	213 
1965	71 
1966	205 
1967	121 
1968	2 
1969	16 
1970	103 
1971	148 
1972	21 
1973	153 
1974	207 
1975	207 
1976	104 
1977	2 
1978	146 
1979	185 
1980	87 
1981	46 
1982	193 
1983	27 
1984	35 
1985	156 
1986	44 
1987	170 
1988	154 
1989	30 
1990	178 
1991	11 
1992	21 
1993	80 
1994	23 
1995	87 
1996	151 
1997	52 
1998	174 
1999	41 
2000	97 
2001	86 
2002	56 
2003	87 
2004	53 
2005	208 
2006	192 
2007	115 
2008	131 
2009	32 
2010	209 
2011	33 
2012	126 
2013	108 
2014	7 
2015	168 
2016	135 
2017	45 
2018	189 
2019	15 
2020	178 
2021	142 
2022	169 
2023	44 
2024	200 
2025	46 
2026	121 
2027	6 
2028	29 
2029	94 
2030	187 
2031	209 
2032	161 
2033	197 
2034	153 
2035	85 
2036	152 
2037	3 
2038	95 
2039	89 
2040	69 
2041	17 
2042	19 
2043	134 
2044	169 
2045	143 
2046	36 
2047	109 
2048	208 
2049	95 
2050	127 
2051	133 
2052	106 
2053	103 
2054	26 
2055	74 
2056	153 
2057	83 
2058	120 
2059	6 
2060	5 
2061	71 
2062	53 
2063	14 
2064	124 
2065	187 
2066	209 
2067	186 
2068	51 
2069	98 
2070	109 
2071	160 
2072	83 
2073	64 
2074	167 
2075	212 
2076	94 
2077	111 
2078	186 
2079	149 
2080	50 
2081	14 
2082	133 
2083	99 
2084	73 
2085	56 
2086	22 
2087	51 
2088	195 
2089	69 
2090	82 
2091	17 
2092	98 
2093	70 
2094	137 
2095	14 
2096	113 
2097	144 
2098	58 
2099	51 
2100	211 
2101	71 
2102	158 
2103	32 
2104	42 
2105	121 
2106	15 
2107	113 
2108	74 
2109	76 
2110	10 
2111	195 
2112	204 
2113	88 
2114	19 
2115	4 
2116	145 
2117	44 
2118	109 
2119	188 
2120	83 
2121	165 
2122	43 
2123	194 
2124	108 
2125	54 
2126	156 
2127	16 
2128	125 
2129	183 
2130	47 
2131	204 
2132	55 
2133	80 
2134	135 
2135	151 
2136	181 
2137	121 
2138	33 
2139	153 
2140	75 
2141	159 
2142	195 
2143	185 
2144	118 
2145	198 
2146	36 
2147	98 
2148	10 
2149	140 
2150	53 
2151	199 
2152	77 
2153	166 
2154	169 
2155	205 
2156	13 
2157	211 
2158	101 
2159	125 
2160	52 
2161	166 
2162	211 
2163	36 
2164	15 
2165	175 
2166	15 
2167	211 
2168	85 
2169	32 
2170	202 
2171	176 
2172	205 
2173	19 
2174	72 
2175	107 
2176	201 
2177	112 
2178	92 
2179	10 
2180	212 
2181	169 
2182	131 
2183	125 
2184	179 
2185	62 
2186	179 
2187	204 
2188	145 
2189	168 
2190	111 
2191	103 
2192	156 
2193	136 
2194	85 
2195	134 
2196	30 
2197	36 
2198	176 
2199	80 
2200	105 
2201	137 
2202	4 
2203	153 
2204	76 
2205	19 
2206	133 
2207	63 
2208	115 
2209	7 
2210	126 
2211	135 
2212	47 
2213	48 
2214	111 
2215	189 
2216	69 
2217	197 
2218	135 
2219	17 
2220	77 
2221	214 
2222	87 
2223	190 
2224	140 
2225	209 
2226	75 
2227	130 
2228	74 
2229	157 
2230	140 
2231	29 
2232	81 
2233	27 
2234	28 
2235	85 
2236	151 
2237	18 
2238	77 
2239	200 
2240	195 
2241	189 
2242	205 
2243	19 
2244	82 
2245	141 
2246	113 
2247	126 
2248	119 
2249	138 
2250	179 
2251	68 
2252	109 
2253	37 
2254	58 
2255	137 
2256	135 
2257	206 
2258	136 
2259	30 
2260	127 
2261	196 
2262	58 
2263	60 
2264	1 
2265	148 
2266	57 
2267	69 
2268	181 
2269	179 
2270	198 
2271	158 
2272	66 
2273	114 
2274	136 
2275	34 
2276	23 
2277	151 
2278	95 
2279	188 
2280	135 
2281	54 
2282	6 
2283	69 
2284	173 
2285	103 
2286	176 
2287	10 
2288	174 
2289	138 
2290	34 
2291	181 
2292	103 
2293	34 
2294	202 
2295	32 
2296	38 
2297	68 
2298	113 
2299	54 
2300	50 
2301	159 
2302	43 
2303	115 
2304	44 
2305	203 
2306	67 
2307	72 
2308	32 
2309	116 
2310	182 
2311	8 
2312	107 
2313	126 
2314	55 
2315	132 
2316	62 
2317	78 
2318	200 
2319	211 
2320	51 
2321	72 
2322	121 
2323	68 
2324	118 
2325	91 
2326	150 
2327	117 
2328	51 
2329	207 
2330	123 
2331	85 
2332	152 
2333	18 
2334	54 
2335	106 
2336	118 
2337	155 
2338	7 
2339	208 
2340	84 
2341	99 
2342	215 
2343	151 
2344	151 
2345	127 
2346	42 
2347	112 
2348	152 
2349	154 
2350	186 
2351	36 
2352	156 
2353	47 
2354	24 
2355	163 
2356	191 
2357	95 
2358	25 
2359	43 
2360	189 
2361	19 
2362	37 
2363	17 
2364	26 
2365	113 
2366	143 
2367	168 
2368	111 
2369	152 
2370	148 
2371	192 
2372	67 
2373	144 
2374	109 
2375	123 
2376	175 
2377	189 
2378	91 
2379	142 
2380	185 
2381	213 
2382	47 
2383	154 
2384	106 
2385	165 
2386	145 
2387	175 
2388	80 
2389	62 
2390	138 
2391	210 
2392	159 
2393	84 
2394	168 
2395	77 
2396	75 
2397	68 
2398	82 
2399	6 
2400	117 
2401	107 
2402	117 
2403	101 
2404	179 
2405	72 
2406	105 
2407	134 
2408	186 
2409	79 
2410	47 
2411	41 
2412	106 
2413	208 
2414	57 
2415	138 
2416	188 
2417	61 
2418	27 
2419	150 
2420	156 
2421	192 
2422	62 
2423	99 
2424	214 
2425	8 
2426	189 
2427	86 
2428	193 
2429	157 
2430	68 
2431	123 
2432	157 
2433	29 
2434	215 
2435	93 
2436	70 
2437	72 
2438	102 
2439	119 
2440	74 
2441	133 
2442	8 
2443	169 
2444	114 
2445	142 
2446	145 
2447	81 
2448	61 
2449	148 
2450	184 
2451	170 
2452	98 
2453	198 
2454	154 
2455	67 
2456	42 
2457	108 
2458	12 
2459	40 
2460	92 
2461	154 
2462	209 
2463	159 
2464	106 
2465	160 
2466	8 
2467	90 
2468	70 
2469	34 
2470	14 
2471	22 
2472	208 
2473	142 
2474	92 
2475	23 
2476	64 
2477	69 
2478	98 
2479	65 
2480	165 
2481	85 
2482	180 
2483	21 
2484	164 
2485	98 
2486	211 
2487	70 
2488	162 
2489	8 
2490	13 
2491	142 
2492	81 
2493	203 
2494	74 
2495	72 
2496	179 
2497	154 
2498	2 
2499	158 
2500	162 
2501	94 
2502	158 
2503	27 
2504	35 
2505	87 
2506	149 
2507	145 
2508	5 
2509	71 
2510	76 
2511	181 
2512	145 
2513	162 
2514	196 
2515	122 
2516	17 
2517	184 
2518	4 
2519	153 
2520	113 
2521	181 
2522	163 
2523	156 
2524	5 
2525	33 
2526	138 
2527	55 
2528	138 
2529	187 
2530	2 
2531	119 
2532	94 
2533	126 
2534	21 
2535	128 
2536	65 
2537	133 
2538	108 
2539	165 
2540	13 
2541	201 
2542	50 
2543	163 
2544	127 
2545	175 
2546	23 
2547	193 
2548	106 
2549	172 
2550	112 
2551	117 
2552	45 
2553	18 
2554	132 
2555	151 
2556	79 
2557	14 
2558	210 
2559	28 
2560	192 
2561	112 
2562	172 
2563	151 
2564	207 
2565	46 
2566	6 
2567	152 
2568	97 
2569	170 
2570	20 
2571	18 
2572	146 
2573	143 
2574	79 
2575	154 
2576	114 
2577	180 
2578	207 
2579	196 
2580	128 
2581	5 
2582	114 
2583	196 
2584	121 
2585	126 
2586	26 
2587	84 
2588	100 
2589	117 
2590	133 
2591	145 
2592	170 
2593	97 
2594	117 
2595	189 
2596	64 
2597	171 
2598	8 
2599	154 
2600	10 
2601	96 
2602	188 
2603	104 
2604	65 
2605	187 
2606	126 
2607	40 
2608	190 
2609	133 
2610	3 
2611	206 
2612	199 
2613	112 
2614	29 
2615	206 
2616	179 
2617	86 
2618	140 
2619	146 
2620	175 
2621	115 
2622	149 
2623	114 
2624	44 
2625	111 
2626	91 
2627	62 
2628	36 
2629	77 
2630	77 
2631	193 
2632	204 
2633	6 
2634	160 
2635	113 
2636	145 
2637	147 
2638	49 
2639	72 
2640	82 
2641	41 
2642	146 
2643	141 
2644	170 
2645	208 
2646	93 
2647	70 
2648	138 
2649	129 
2650	111 
2651	11 
2652	163 
2653	205 
2654	195 
2655	96 
2656	47 
2657	52 
2658	32 
2659	24 
2660	6 
2661	189 
2662	96 
2663	48 
2664	85 
2665	96 
2666	133 
2667	36 
2668	97 
2669	213 
2670	192 
2671	72 
2672	126 
2673	205 
2674	42 
2675	2 
2676	134 
2677	91 
2678	92 
2679	85 
2680	207 
2681	41 
2682	28 
2683	137 
2684	213 
2685	95 
2686	39 
2687	112 
2688	7 
2689	33 
2690	123 
2691	71 
2692	77 
2693	63 
2694	85 
2695	102 
2696	97 
2697	52 
2698	36 
2699	10 
2700	130 
2701	153 
2702	139 
2703	198 
2704	149 
2705	168 
2706	112 
2707	27 
2708	160 
2709	43 
2710	139 
2711	65 
2712	193 
2713	111 
2714	192 
2715	59 
2716	105 
2717	63 
2718	3 
2719	20 
2720	106 
2721	26 
2722	23 
2723	167 
2724	3 
2725	208 
2726	214 
2727	182 
2728	161 
2729	71 
2730	172 
2731	164 
2732	42 
2733	100 
2734	61 
2735	88 
2736	29 
2737	98 
2738	163 
2739	177 
2740	211 
2741	143 
2742	139 
2743	167 
2744	184 
2745	57 
2746	183 
2747	68 
2748	156 
2749	128 
2750	127 
2751	198 
2752	127 
2753	215 
2754	110 
2755	126 
2756	13 
2757	165 
2758	93 
2759	84 
2760	46 
2761	199 
2762	35 
2763	98 
2764	113 
2765	132 
2766	2 
2767	36 
2768	124 
2769	98 
2770	28 
2771	47 
2772	18 
2773	38 
2774	208 
2775	29 
2776	106 
2777	206 
2778	144 
2779	129 
2780	42 
2781	13 
2782	119 
2783	41 
2784	68 
2785	179 
2786	38 
2787	9 
2788	60 
2789	67 
2790	212 
2791	126 
2792	51 
2793	25 
2794	14 
2795	11 
2796	52 
2797	72 
2798	79 
2799	35 
2800	109 
2801	58 
2802	75 
2803	151 
2804	30 
2805	183 
2806	135 
2807	106 
2808	208 
2809	7 
2810	12 
2811	6 
2812	138 
2813	33 
2814	108 
2815	48 
2816	84 
2817	165 
2818	142 
2819	76 
2820	10 
2821	100 
2822	54 
2823	7 
2824	6 
2825	198 
2826	153 
2827	57 
2828	148 
2829	203 
2830	88 
2831	171 
2832	2 
2833	111 
2834	191 
2835	175 
2836	87 
2837	115 
2838	36 
2839	169 
2840	51 
2841	173 
2842	14 
2843	164 
2844	105 
2845	93 
2846	27 
2847	124 
2848	54 
2849	102 
2850	191 
2851	54 
2852	10 
2853	103 
2854	4 
2855	87 
2856	83 
2857	41 
2858	57 
2859	154 
2860	56 
2861	208 
2862	61 
2863	92 
2864	88 
2865	10 
2866	197 
2867	127 
2868	111 
2869	22 
2870	178 
2871	42 
2872	62 
2873	86 
2874	2 
2875	67 
2876	153 
2877	84 
2878	61 
2879	146 
2880	25 
2881	115 
2882	89 
2883	54 
2884	139 
2885	103 
2886	65 
2887	162 
2888	201 
2889	198 
2890	111 
2891	129 
2892	81 
2893	61 
2894	52 
2895	137 
2896	21 
2897	36 
2898	25 
2899	180 
2900	96 
2901	168 
2902	44 
2903	215 
2904	169 
2905	176 
2906	181 
2907	180 
2908	31 
2909	143 
2910	160 
2911	214 
2912	27 
2913	74 
2914	175 
2915	94 
2916	195 
2917	32 
2918	87 
2919	5 
2920	94 
2921	135 
2922	48 
2923	43 
2924	10 
2925	102 
2926	124 
2927	18 
2928	10 
2929	92 
2930	131 
2931	125 
2932	169 
2933	49 
2934	160 
2935	91 
2936	167 
2937	5 
2938	123 
2939	136 
2940	74 
2941	148 
2942	161 
2943	56 
2944	124 
2945	43 
2946	203 
2947	158 
2948	158 
2949	16 
2950	170 
2951	104 
2952	120 
2953	127 
2954	208 
2955	150 
2956	80 
2957	18 
2958	151 
2959	143 
2960	147 
2961	145 
2962	1 
2963	115 
2964	138 
2965	89 
2966	212 
2967	24 
2968	191 
2969	140 
2970	165 
2971	125 
2972	156 
2973	18 
2974	21 
2975	120 
2976	179 
2977	131 
2978	136 
2979	165 
2980	26 
2981	119 
2982	149 
2983	171 
2984	116 
2985	159 
2986	50 
2987	2 
2988	193 
2989	104 
2990	110 
2991	213 
2992	6 
2993	11 
2994	132 
2995	17 
2996	186 
2997	85 
2998	47 
2999	49 
3000	143 
3001	103 
3002	81 
3003	103 
3004	1 
3005	180 
3006	81 
3007	23 
3008	34 
3009	8 
3010	108 
3011	36 
3012	87 
3013	89 
3014	110 
3015	215 
3016	82 
3017	199 
3018	172 
3019	56 
3020	78 
3021	42 
3022	25 
3023	213 
3024	173 
3025	165 
3026	144 
3027	158 
3028	7 
3029	176 
3030	128 
3031	158 
3032	184 
3033	177 
3034	208 
3035	132 
3036	4 
3037	183 
3038	87 
3039	176 
3040	201 
3041	134 
3042	158 
3043	175 
3044	175 
3045	9 
3046	97 
3047	154 
3048	113 
3049	52 
3050	62 
3051	14 
3052	4 
3053	140 
3054	126 
3055	212 
3056	74 
3057	1 
3058	157 
3059	37 
3060	37 
3061	91 
3062	31 
3063	49 
3064	144 
3065	64 
3066	193 
3067	90 
3068	125 
3069	31 
3070	102 
3071	3 
3072	120 
3073	66 
3074	121 
3075	89 
3076	64 
3077	180 
3078	199 
3079	177 
3080	25 
3081	169 
3082	87 
3083	37 
3084	189 
3085	212 
3086	190 
3087	56 
3088	108 
3089	152 
3090	158 
3091	116 
3092	214 
3093	92 
3094	213 
3095	146 
3096	45 
3097	39 
3098	108 
3099	66 
3100	21 
3101	103 
3102	78 
3103	62 
3104	43 
3105	83 
3106	160 
3107	132 
3108	172 
3109	213 
3110	46 
3111	98 
3112	35 
3113	189 
3114	85 
3115	207 
3116	213 
3117	144 
3118	126 
3119	141 
3120	200 
3121	42 
3122	164 
3123	60 
3124	173 
3125	35 
3126	156 
3127	122 
3128	29 
3129	108 
3130	194 
3131	193 
3132	30 
3133	92 
3134	164 
3135	119 
3136	130 
3137	136 
3138	171 
3139	131 
3140	70 
3141	112 
3142	169 
3143	127 
3144	130 
3145	123 
3146	34 
3147	207 
3148	116 
3149	58 
3150	206 
3151	10 
3152	204 
3153	199 
3154	51 
3155	107 
3156	215 
3157	105 
3158	16 
3159	112 
3160	143 
3161	69 
3162	28 
3163	171 
3164	190 
3165	191 
3166	73 
3167	57 
3168	74 
3169	141 
3170	11 
3171	81 
3172	146 
3173	201 
3174	181 
3175	80 
3176	170 
3177	149 
3178	161 
3179	84 
3180	93 
3181	206 
3182	75 
3183	60 
3184	124 
3185	179 
3186	194 
3187	90 
3188	144 
3189	98 
3190	128 
3191	184 
3192	33 
3193	155 
3194	151 
3195	113 
3196	18 
3197	5 
3198	200 
3199	72 
3200	118 
3201	204 
3202	73 
3203	194 
3204	196 
3205	138 
3206	142 
3207	96 
3208	148 
3209	60 
3210	111 
3211	131 
3212	202 
3213	83 
3214	167 
3215	152 
3216	66 
3217	198 
3218	215 
3219	188 
3220	49 
3221	210 
3222	156 
3223	74 
3224	30 
3225	55 
3226	27 
3227	1 
3228	200 
3229	173 
3230	132 
3231	183 
3232	79 
3233	44 
3234	95 
3235	30 
3236	104 
3237	112 
3238	82 
3239	103 
3240	146 
3241	202 
3242	166 
3243	147 
3244	127 
3245	21 
3246	125 
3247	84 
3248	27 
3249	125 
3250	131 
3251	68 
3252	163 
3253	134 
3254	192 
3255	74 
3256	13 
3257	56 
3258	11 
3259	65 
3260	193 
3261	194 
3262	143 
3263	9 
3264	190 
3265	199 
3266	17 
3267	93 
3268	151 
3269	29 
3270	9 
3271	155 
3272	85 
3273	108 
3274	65 
3275	190 
3276	105 
3277	23 
3278	94 
3279	166 
3280	159 
3281	75 
3282	82 
3283	95 
3284	213 
3285	122 
3286	206 
3287	56 
3288	6 
3289	30 
3290	30 
3291	192 
3292	23 
3293	159 
3294	200 
3295	71 
3296	80 
3297	201 
3298	202 
3299	69 
3300	196 
3301	201 
3302	151 
3303	23 
3304	189 
3305	80 
3306	126 
3307	81 
3308	26 
3309	92 
3310	179 
3311	171 
3312	181 
3313	10 
3314	206 
3315	4 
3316	183 
3317	21 
3318	34 
3319	87 
3320	203 
3321	54 
3322	189 
3323	3 
3324	153 
3325	25 
3326	92 
3327	194 
3328	6 
3329	205 
3330	8 
3331	15 
3332	18 
3333	83 
3334	61 
3335	6 
3336	200 
3337	194 
3338	35 
3339	38 
3340	1 
3341	105 
3342	13 
3343	178 
3344	134 
3345	96 
3346	26 
3347	214 
3348	159 
3349	120 
3350	101 
3351	98 
3352	191 
3353	211 
3354	72 
3355	81 
3356	69 
3357	163 
3358	27 
3359	24 
3360	103 
3361	138 
3362	190 
3363	140 
3364	189 
3365	185 
3366	122 
3367	141 
3368	198 
3369	160 
3370	10 
3371	71 
3372	145 
3373	66 
3374	181 
3375	154 
3376	195 
3377	113 
3378	86 
3379	189 
3380	141 
3381	173 
3382	77 
3383	91 
3384	149 
3385	138 
3386	198 
3387	33 
3388	80 
3389	42 
3390	30 
3391	200 
3392	141 
3393	215 
3394	193 
3395	48 
3396	117 
3397	19 
3398	32 
3399	147 
3400	13 
3401	155 
3402	35 
3403	100 
3404	39 
3405	121 
3406	94 
3407	49 
3408	34 
3409	203 
3410	178 
3411	73 
3412	85 
3413	206 
3414	152 
3415	162 
3416	13 
3417	195 
3418	90 
3419	170 
3420	127 
3421	36 
3422	168 
3423	75 
3424	212 
3425	150 
3426	174 
3427	22 
3428	4 
3429	169 
3430	127 
3431	186 
3432	162 
3433	5 
3434	26 
3435	67 
3436	200 
3437	47 
3438	103 
3439	132 
3440	42 
3441	43 
3442	184 
3443	134 
3444	141 
3445	146 
3446	102 
3447	119 
3448	149 
3449	185 
3450	5 
3451	119 
3452	105 
3453	41 
3454	26 
3455	31 
3456	166 
3457	14 
3458	182 
3459	79 
3460	160 
3461	92 
3462	45 
3463	18 
3464	163 
3465	54 
3466	137 
3467	17 
3468	121 
3469	205 
3470	182 
3471	146 
3472	136 
3473	197 
3474	35 
3475	141 
3476	195 
3477	53 
3478	37 
3479	176 
3480	128 
3481	75 
3482	200 
3483	194 
3484	33 
3485	51 
3486	213 
3487	144 
3488	105 
3489	132 
3490	23 
3491	105 
3492	169 
3493	104 
3494	156 
3495	80 
3496	179 
3497	178 
3498	34 
3499	190 
3500	73 
3501	61 
3502	158 
3503	185 
3504	155 
3505	192 
3506	112 
3507	170 
3508	102 
3509	62 
3510	63 
3511	12 
3512	27 
3513	125 
3514	195 
3515	172 
3516	127 
3517	169 
3518	137 
3519	105 
3520	63 
3521	58 
3522	117 
3523	202 
3524	136 
3525	185 
3526	210 
3527	9 
3528	200 
3529	145 
3530	61 
3531	151 
3532	8 
3533	134 
3534	198 
3535	124 
3536	47 
3537	175 
3538	4 
3539	38 
3540	44 
3541	203 
3542	141 
3543	141 
3544	111 
3545	37 
3546	121 
3547	51 
3548	210 
3549	103 
3550	3 
3551	144 
3552	71 
3553	13 
3554	57 
3555	188 
3556	215 
3557	23 
3558	187 
3559	108 
3560	135 
3561	132 
3562	198 
3563	99 
3564	47 
3565	98 
3566	129 
3567	15 
3568	73 
3569	86 
3570	138 
3571	10 
3572	104 
3573	192 
3574	191 
3575	101 
3576	17 
3577	37 
3578	55 
3579	145 
3580	117 
3581	13 
3582	135 
3583	164 
3584	131 
3585	191 
3586	141 
3587	49 
3588	178 
3589	61 
3590	10 
3591	209 
3592	73 
3593	23 
3594	69 
3595	105 
3596	134 
3597	168 
3598	136 
3599	161 
3600	105 
3601	21 
3602	151 
3603	19 
3604	125 
3605	180 
3606	25 
3607	73 
3608	104 
3609	187 
3610	65 
3611	65 
3612	72 
3613	6 
3614	101 
3615	148 
3616	76 
3617	160 
3618	147 
3619	92 
3620	30 
3621	45 
3622	33 
3623	120 
3624	151 
3625	103 
3626	195 
3627	66 
3628	49 
3629	118 
3630	131 
3631	158 
3632	77 
3633	50 
3634	203 
3635	48 
3636	101 
3637	202 
3638	192 
3639	88 
3640	103 
3641	81 
3642	111 
3643	43 
3644	62 
3645	76 
3646	172 
3647	61 
3648	68 
3649	10 
3650	212 
3651	5 
3652	37 
3653	98 
3654	100 
3655	102 
3656	160 
3657	19 
3658	60 
3659	27 
3660	130 
3661	73 
3662	85 
3663	133 
3664	24 
3665	194 
3666	101 
3667	92 
3668	143 
3669	211 
3670	101 
3671	165 
3672	51 
3673	93 
3674	108 
3675	61 
3676	204 
3677	44 
3678	125 
3679	83 
3680	40 
3681	156 
3682	133 
3683	184 
3684	167 
3685	119 
3686	1 
3687	125 
3688	114 
3689	100 
3690	204 
3691	139 
3692	158 
3693	105 
3694	118 
3695	21 
3696	49 
3697	27 
3698	25 
3699	40 
3700	78 
3701	148 
3702	84 
3703	171 
3704	157 
3705	174 
3706	68 
3707	113 
3708	156 
3709	60 
3710	109 
3711	86 
3712	96 
3713	157 
3714	140 
3715	204 
3716	131 
3717	85 
3718	120 
3719	111 
3720	163 
3721	213 
3722	159 
3723	160 
3724	133 
3725	16 
3726	147 
3727	73 
3728	81 
3729	114 
3730	80 
3731	193 
3732	100 
3733	56 
3734	32 
3735	84 
3736	50 
3737	82 
3738	125 
3739	97 
3740	150 
3741	54 
3742	97 
3743	74 
3744	105 
3745	58 
3746	120 
3747	144 
3748	86 
3749	72 
3750	203 
3751	108 
3752	162 
3753	78 
3754	84 
3755	28 
3756	108 
3757	79 
3758	111 
3759	179 
3760	212 
3761	29 
3762	47 
3763	120 
3764	76 
3765	200 
3766	30 
3767	65 
3768	133 
3769	11 
3770	31 
3771	42 
3772	88 
3773	166 
3774	126 
3775	51 
3776	16 
3777	17 
3778	176 
3779	199 
3780	34 
3781	191 
3782	199 
3783	93 
3784	164 
3785	186 
3786	56 
3787	194 
3788	155 
3789	161 
3790	182 
3791	50 
3792	76 
3793	7 
3794	212 
3795	5 
3796	84 
3797	40 
3798	55 
3799	66 
3800	93 
3801	187 
3802	74 
3803	16 
3804	69 
3805	160 
3806	82 
3807	147 
3808	135 
3809	14 
3810	56 
3811	102 
3812	196 
3813	38 
3814	7 
3815	113 
3816	102 
3817	125 
3818	201 
3819	117 
3820	209 
3821	130 
3822	187 
3823	109 
3824	166 
3825	191 
3826	167 
3827	127 
3828	11 
3829	56 
3830	108 
3831	146 
3832	181 
3833	200 
3834	119 
3835	141 
3836	138 
3837	122 
3838	59 
3839	77 
3840	182 
3841	72 
3842	35 
3843	33 
3844	196 
3845	21 
3846	13 
3847	8 
3848	194 
3849	114 
3850	109 
3851	139 
3852	52 
3853	102 
3854	31 
3855	37 
3856	168 
3857	31 
3858	27 
3859	188 
3860	40 
3861	154 
3862	193 
3863	32 
3864	75 
3865	67 
3866	157 
3867	118 
3868	12 
3869	129 
3870	160 
3871	52 
3872	48 
3873	135 
3874	50 
3875	177 
3876	120 
3877	60 
3878	93 
3879	145 
3880	122 
3881	80 
3882	33 
3883	204 
3884	71 
3885	201 
3886	80 
3887	180 
3888	183 
3889	21 
3890	119 
3891	188 
3892	187 
3893	206 
3894	24 
3895	29 
3896	85 
3897	75 
3898	122 
3899	210 
3900	181 
3901	201 
3902	8 
3903	186 
3904	20 
3905	167 
3906	110 
3907	131 
3908	24 
3909	133 
3910	157 
3911	154 
3912	122 
3913	135 
3914	114 
3915	191 
3916	107 
3917	7 
3918	205 
3919	213 
3920	4 
3921	126 
3922	211 
3923	209 
3924	207 
3925	126 
3926	204 
3927	42 
3928	66 
3929	52 
3930	94 
3931	115 
3932	95 
3933	14 
3934	125 
3935	12 
3936	1 
3937	52 
3938	91 
3939	95 
3940	7 
3941	96 
3942	14 
3943	185 
3944	187 
3945	39 
3946	34 
3947	127 
3948	34 
3949	37 
3950	175 
3951	40 
3952	35 
3953	78 
3954	189 
3955	28 
3956	135 
3957	178 
3958	166 
3959	147 
3960	60 
3961	16 
3962	129 
3963	29 
3964	53 
3965	129 
3966	127 
3967	61 
3968	205 
3969	210 
3970	192 
3971	40 
3972	94 
3973	42 
3974	135 
3975	164 
3976	34 
3977	89 
3978	39 
3979	46 
3980	6 
3981	200 
3982	26 
3983	77 
3984	16 
3985	29 
3986	182 
3987	138 
3988	16 
3989	72 
3990	156 
3991	126 
3992	207 
3993	111 
3994	39 
3995	189 
3996	150 
3997	41 
3998	70 
3999	127 
4000	4 
4001	128 
4002	19 
4003	51 
4004	184 
4005	40 
4006	150 
4007	21 
4008	126 
4009	162 
4010	210 
4011	86 
4012	215 
4013	52 
4014	66 
4015	150 
4016	166 
4017	91 
4018	170 
4019	63 
4020	71 
4021	111 
4022	160 
4023	93 
4024	125 
4025	159 
4026	151 
4027	135 
4028	214 
4029	106 
4030	104 
4031	59 
4032	92 
4033	97 
4034	69 
4035	109 
4036	15 
4037	91 
4038	107 
4039	6 
4040	143 
4041	64 
4042	71 
4043	76 
4044	14 
4045	18 
4046	116 
4047	117 
4048	181 
4049	25 
4050	145 
4051	97 
4052	101 
4053	196 
4054	174 
4055	56 
4056	211 
4057	26 
4058	91 
4059	64 
4060	123 
4061	24 
4062	137 
4063	209 
4064	70 
4065	47 
4066	99 
4067	97 
4068	106 
4069	148 
4070	20 
4071	207 
4072	123 
4073	139 
4074	109 
4075	192 
4076	192 
4077	197 
4078	19 
4079	75 
4080	25 
4081	103 
4082	102 
4083	13 
4084	39 
4085	54 
4086	211 
4087	209 
4088	59 
4089	6 
4090	126 
4091	196 
4092	62 
4093	138 
4094	167 
4095	57 
4096	184 
4097	175 
4098	42 
4099	66 
4100	125 
4101	118 
4102	19 
4103	33 
4104	173 
4105	23 
4106	106 
4107	38 
4108	14 
4109	54 
4110	107 
4111	67 
4112	123 
4113	45 
4114	129 
4115	175 
4116	30 
4117	97 
4118	80 
4119	34 
4120	112 
4121	106 
4122	170 
4123	11 
4124	202 
4125	23 
4126	182 
4127	203 
4128	4 
4129	72 
4130	119 
4131	105 
4132	88 
4133	203 
4134	215 
4135	36 
4136	40 
4137	52 
4138	136 
4139	6 
4140	118 
4141	161 
4142	176 
4143	140 
4144	10 
4145	31 
4146	10 
4147	174 
4148	114 
4149	140 
4150	153 
4151	26 
4152	28 
4153	196 
4154	187 
4155	2 
4156	144 
4157	154 
4158	69 
4159	199 
4160	143 
4161	203 
4162	105 
4163	92 
4164	71 
4165	93 
4166	127 
4167	170 
4168	132 
4169	130 
4170	164 
4171	38 
4172	122 
4173	3 
4174	166 
4175	1 
4176	32 
4177	214 
4178	43 
4179	212 
4180	89 
4181	175 
4182	36 
4183	210 
4184	5 
4185	25 
4186	11 
4187	198 
4188	182 
4189	213 
4190	107 
4191	133 
4192	101 
4193	214 
4194	34 
4195	48 
4196	6 
4197	115 
4198	205 
4199	95 
4200	160 
4201	2 
4202	67 
4203	183 
4204	191 
4205	77 
4206	141 
4207	134 
4208	150 
4209	163 
4210	65 
4211	156 
4212	97 
4213	69 
4214	86 
4215	166 
4216	195 
4217	150 
4218	85 
4219	174 
4220	25 
4221	33 
4222	206 
4223	79 
4224	192 
4225	147 
4226	18 
4227	106 
4228	80 
4229	183 
4230	152 
4231	111 
4232	80 
4233	60 
4234	152 
4235	113 
4236	120 
4237	29 
4238	147 
4239	43 
4240	168 
4241	48 
4242	44 
4243	91 
4244	31 
4245	16 
4246	22 
4247	51 
4248	157 
4249	11 
4250	59 
4251	4 
4252	83 
4253	83 
4254	152 
4255	141 
4256	73 
4257	184 
4258	152 
4259	158 
4260	8 
4261	213 
4262	44 
4263	61 
4264	133 
4265	79 
4266	114 
4267	34 
4268	7 
4269	156 
4270	17 
4271	160 
4272	123 
4273	180 
4274	82 
4275	91 
4276	193 
4277	9 
4278	160 
4279	36 
4280	173 
4281	121 
4282	130 
4283	172 
4284	127 
4285	12 
4286	163 
4287	173 
4288	14 
4289	140 
4290	99 
4291	212 
4292	74 
4293	107 
4294	193 
4295	184 
4296	127 
4297	134 
4298	52 
4299	58 
4300	109 
4301	3 
4302	183 
4303	24 
4304	99 
4305	165 
4306	149 
4307	189 
4308	105 
4309	142 
4310	23 
4311	20 
4312	201 
4313	35 
4314	61 
4315	94 
4316	176 
4317	125 
4318	84 
4319	165 
4320	57 
4321	72 
4322	78 
4323	105 
4324	80 
4325	180 
4326	199 
4327	14 
4328	12 
4329	146 
4330	99 
4331	56 
4332	95 
4333	83 
4334	126 
4335	51 
4336	54 
4337	87 
4338	2 
4339	155 
4340	28 
4341	90 
4342	58 
4343	102 
4344	155 
4345	200 
4346	133 
4347	105 
4348	1 
4349	170 
4350	164 
4351	11 
4352	94 
4353	166 
4354	156 
4355	16 
4356	124 
4357	20 
4358	111 
4359	202 
4360	118 
4361	164 
4362	97 
4363	166 
4364	10 
4365	72 
4366	73 
4367	6 
4368	4 
4369	111 
4370	151 
4371	175 
4372	174 
4373	39 
4374	66 
4375	51 
4376	23 
4377	2 
4378	83 
4379	154 
4380	33 
4381	59 
4382	131 
4383	196 
4384	162 
4385	109 
4386	101 
4387	94 
4388	208 
4389	126 
4390	117 
4391	113 
4392	50 
4393	25 
4394	126 
4395	201 
4396	166 
4397	167 
4398	15 
4399	209 
4400	163 
4401	195 
4402	55 
4403	162 
4404	40 
4405	207 
4406	114 
4407	120 
4408	193 
4409	75 
4410	52 
4411	163 
4412	123 
4413	99 
4414	41 
4415	6 
4416	108 
4417	136 
4418	151 
4419	25 
4420	191 
4421	9 
4422	171 
4423	95 
4424	6 
4425	29 
4426	68 
4427	75 
4428	126 
4429	118 
4430	169 
4431	16 
4432	150 
4433	213 
4434	25 
4435	47 
4436	40 
4437	179 
4438	127 
4439	33 
4440	35 
4441	203 
4442	25 
4443	44 
4444	144 
4445	52 
4446	149 
4447	3 
4448	128 
4449	48 
4450	34 
4451	91 
4452	99 
4453	61 
4454	53 
4455	99 
4456	182 
4457	144 
4458	25 
4459	191 
4460	132 
4461	33 
4462	106 
4463	214 
4464	124 
4465	75 
4466	132 
4467	113 
4468	19 
4469	6 
4470	26 
4471	197 
4472	206 
4473	162 
4474	128 
4475	77 
4476	109 
4477	92 
4478	135 
4479	114 
4480	186 
4481	131 
4482	144 
4483	42 
4484	25 
4485	200 
4486	47 
4487	96 
4488	159 
4489	34 
4490	50 
4491	207 
4492	66 
4493	168 
4494	85 
4495	49 
4496	33 
4497	28 
4498	167 
4499	19 
4500	120 
4501	88 
4502	198 
4503	177 
4504	92 
4505	137 
4506	206 
4507	194 
4508	111 
4509	46 
4510	51 
4511	70 
4512	20 
4513	51 
4514	2 
4515	39 
4516	187 
4517	186 
4518	192 
4519	105 
4520	141 
4521	44 
4522	6 
4523	156 
4524	166 
4525	52 
4526	182 
4527	192 
4528	27 
4529	105 
4530	53 
4531	116 
4532	6 
4533	19 
4534	84 
4535	112 
4536	202 
4537	109 
4538	215 
4539	113 
4540	173 
4541	113 
4542	120 
4543	156 
4544	85 
4545	105 
4546	5 
4547	79 
4548	42 
4549	152 
4550	162 
4551	26 
4552	214 
4553	41 
4554	1 
4555	31 
4556	122 
4557	92 
4558	60 
4559	202 
4560	29 
4561	155 
4562	113 
4563	75 
4564	121 
4565	170 
4566	29 
4567	152 
4568	173 
4569	113 
4570	33 
4571	212 
4572	97 
4573	22 
4574	198 
4575	31 
4576	113 
4577	174 
4578	5 
4579	23 
4580	82 
4581	37 
4582	98 
4583	9 
4584	86 
4585	23 
4586	189 
4587	104 
4588	42 
4589	33 
4590	107 
4591	106 
4592	145 
4593	73 
4594	73 
4595	169 
4596	60 
4597	66 
4598	64 
4599	82 
4600	83 
4601	125 
4602	122 
4603	66 
4604	154 
4605	128 
4606	197 
4607	26 
4608	127 
4609	26 
4610	210 
4611	56 
4612	21 
4613	150 
4614	125 
4615	191 
4616	214 
4617	81 
4618	2 
4619	44 
4620	77 
4621	175 
4622	27 
4623	63 
4624	116 
4625	109 
4626	76 
4627	73 
4628	89 
4629	5 
4630	147 
4631	28 
4632	14 
4633	170 
4634	179 
4635	95 
4636	19 
4637	136 
4638	90 
4639	36 
4640	25 
4641	96 
4642	60 
4643	91 
4644	161 
4645	168 
4646	21 
4647	79 
4648	31 
4649	193 
4650	23 
4651	182 
4652	214 
4653	53 
4654	123 
4655	20 
4656	78 
4657	25 
4658	120 
4659	54 
4660	134 
4661	28 
4662	76 
4663	65 
4664	117 
4665	140 
4666	73 
4667	155 
4668	56 
4669	99 
4670	201 
4671	12 
4672	87 
4673	193 
4674	44 
4675	135 
4676	210 
4677	141 
4678	129 
4679	143 
4680	183 
4681	152 
4682	161 
4683	67 
4684	36 
4685	10 
4686	4 
4687	196 
4688	142 
4689	185 
4690	215 
4691	167 
4692	199 
4693	125 
4694	88 
4695	191 
4696	89 
4697	192 
4698	113 
4699	11 
4700	182 
4701	36 
4702	203 
4703	145 
4704	63 
4705	137 
4706	101 
4707	161 
4708	84 
4709	179 
4710	136 
4711	211 
4712	210 
4713	79 
4714	180 
4715	2 
4716	127 
4717	64 
4718	61 
4719	16 
4720	91 
4721	25 
4722	153 
4723	195 
4724	9 
4725	157 
4726	69 
4727	187 
4728	150 
4729	144 
4730	80 
4731	125 
4732	159 
4733	52 
4734	37 
4735	199 
4736	6 
4737	26 
4738	169 
4739	141 
4740	82 
4741	85 
4742	211 
4743	90 
4744	80 
4745	27 
4746	129 
4747	35 
4748	200 
4749	179 
4750	51 
4751	200 
4752	76 
4753	128 
4754	191 
4755	195 
4756	185 
4757	201 
4758	167 
4759	88 
4760	209 
4761	123 
4762	60 
4763	77 
4764	142 
4765	42 
4766	199 
4767	155 
4768	63 
4769	90 
4770	41 
4771	11 
4772	166 
4773	100 
4774	161 
4775	149 
4776	6 
4777	205 
4778	34 
4779	105 
4780	204 
4781	103 
4782	8 
4783	115 
4784	104 
4785	6 
4786	161 
4787	132 
4788	172 
4789	111 
4790	127 
4791	99 
4792	65 
4793	82 
4794	45 
4795	215 
4796	43 
4797	51 
4798	6 
4799	204 
4800	61 
4801	103 
4802	145 
4803	44 
4804	63 
4805	192 
4806	61 
4807	130 
4808	126 
4809	16 
4810	68 
4811	190 
4812	104 
4813	211 
4814	161 
4815	1 
4816	32 
4817	165 
4818	9 
4819	104 
4820	197 
4821	200 
4822	18 
4823	158 
4824	71 
4825	121 
4826	198 
4827	57 
4828	34 
4829	59 
4830	153 
4831	67 
4832	180 
4833	155 
4834	29 
4835	51 
4836	120 
4837	131 
4838	44 
4839	181 
4840	52 
4841	15 
4842	188 
4843	137 
4844	147 
4845	55 
4846	15 
4847	124 
4848	83 
4849	75 
4850	145 
4851	197 
4852	148 
4853	14 
4854	137 
4855	85 
4856	209 
4857	157 
4858	81 
4859	199 
4860	85 
4861	164 
4862	111 
4863	157 
4864	4 
4865	85 
4866	115 
4867	212 
4868	109 
4869	135 
4870	104 
4871	129 
4872	104 
4873	157 
4874	67 
4875	195 
4876	7 
4877	103 
4878	39 
4879	36 
4880	99 
4881	60 
4882	18 
4883	150 
4884	49 
4885	57 
4886	155 
4887	125 
4888	139 
4889	98 
4890	187 
4891	23 
4892	153 
4893	34 
4894	57 
4895	55 
4896	72 
4897	171 
4898	102 
4899	120 
4900	116 
4901	137 
4902	211 
4903	199 
4904	54 
4905	170 
4906	70 
4907	151 
4908	69 
4909	135 
4910	7 
4911	34 
4912	194 
4913	197 
4914	111 
4915	41 
4916	41 
4917	168 
4918	92 
4919	120 
4920	44 
4921	54 
4922	56 
4923	135 
4924	112 
4925	209 
4926	173 
4927	206 
4928	36 
4929	121 
4930	41 
4931	157 
4932	70 
4933	55 
4934	14 
4935	170 
4936	29 
4937	211 
4938	65 
4939	31 
4940	181 
4941	6 
4942	98 
4943	26 
4944	149 
4945	7 
4946	88 
4947	156 
4948	161 
4949	199 
4950	195 
4951	158 
4952	79 
4953	161 
4954	59 
4955	84 
4956	127 
4957	76 
4958	111 
4959	39 
4960	131 
4961	80 
4962	113 
4963	120 
4964	51 
4965	72 
4966	185 
4967	60 
4968	19 
4969	194 
4970	36 
4971	115 
4972	208 
4973	19 
4974	148 
4975	132 
4976	152 
4977	197 
4978	184 
4979	145 
4980	66 
4981	105 
4982	74 
4983	129 
4984	130 
4985	191 
4986	145 
4987	21 
4988	15 
4989	129 
4990	5 
4991	137 
4992	124 
4993	138 
4994	208 
4995	132 
4996	27 
4997	129 
4998	215 
4999	208 
5000	102 
5001	137 
5002	131 
5003	28 
5004	191 
5005	64 
5006	71 
5007	39 
5008	93 
5009	95 
5010	86 
5011	198 
5012	22 
5013	44 
5014	141 
5015	107 
5016	79 
5017	14 
5018	108 
5019	209 
5020	214 
5021	129 
5022	57 
5023	50 
5024	67 
5025	158 
5026	39 
5027	26 
5028	17 
5029	50 
5030	131 
5031	24 
5032	7 
5033	25 
5034	191 
5035	54 
5036	84 
5037	39 
5038	66 
5039	153 
5040	25 
5041	211 
5042	201 
5043	132 
5044	214 
5045	120 
5046	69 
5047	83 
5048	64 
5049	146 
5050	151 
5051	104 
5052	183 
5053	193 
5054	94 
5055	49 
5056	126 
5057	154 
5058	58 
5059	37 
5060	195 
5061	81 
5062	133 
5063	69 
5064	162 
5065	191 
5066	95 
5067	26 
5068	183 
5069	4 
5070	98 
5071	101 
5072	198 
5073	166 
5074	162 
5075	199 
5076	211 
5077	60 
5078	131 
5079	185 
5080	195 
5081	117 
5082	202 
5083	17 
5084	145 
5085	99 
5086	81 
5087	41 
5088	5 
5089	81 
5090	20 
5091	173 
5092	65 
5093	24 
5094	96 
5095	100 
5096	60 
5097	188 
5098	207 
5099	144 
5100	134 
5101	6 
5102	18 
5103	91 
5104	198 
5105	104 
5106	68 
5107	185 
5108	57 
5109	68 
5110	212 
5111	103 
5112	29 
5113	180 
5114	142 
5115	84 
5116	47 
5117	33 
5118	3 
5119	130 
5120	50 
5121	133 
5122	154 
5123	41 
5124	25 
5125	188 
5126	211 
5127	71 
5128	127 
5129	121 
5130	114 
5131	156 
5132	5 
5133	81 
5134	52 
5135	77 
5136	110 
5137	19 
5138	8 
5139	197 
5140	47 
5141	200 
5142	143 
5143	45 
5144	50 
5145	79 
5146	5 
5147	147 
5148	6 
5149	27 
5150	59 
5151	184 
5152	139 
5153	157 
5154	35 
5155	202 
5156	57 
5157	209 
5158	100 
5159	171 
5160	32 
5161	12 
5162	19 
5163	1 
5164	42 
5165	56 
5166	210 
5167	167 
5168	165 
5169	18 
5170	2 
5171	15 
5172	191 
5173	132 
5174	85 
5175	140 
5176	16 
5177	45 
5178	136 
5179	134 
5180	57 
5181	52 
5182	125 
5183	129 
5184	111 
5185	13 
5186	75 
5187	54 
5188	18 
5189	131 
5190	155 
5191	10 
5192	6 
5193	163 
5194	209 
5195	193 
5196	215 
5197	27 
5198	156 
5199	149 
5200	104 
5201	195 
5202	193 
5203	209 
5204	47 
5205	29 
5206	180 
5207	31 
5208	80 
5209	198 
5210	123 
5211	196 
5212	71 
5213	89 
5214	17 
5215	118 
5216	151 
5217	122 
5218	189 
5219	136 
5220	141 
5221	205 
5222	127 
5223	48 
5224	174 
5225	211 
5226	72 
5227	28 
5228	170 
5229	36 
5230	95 
5231	96 
5232	111 
5233	31 
5234	74 
5235	37 
5236	106 
5237	79 
5238	193 
5239	95 
5240	29 
5241	44 
5242	165 
5243	25 
5244	172 
5245	96 
5246	132 
5247	76 
5248	168 
5249	51 
5250	3 
5251	132 
5252	158 
5253	78 
5254	48 
5255	89 
5256	46 
5257	65 
5258	67 
5259	117 
5260	56 
5261	13 
5262	206 
5263	166 
5264	199 
5265	42 
5266	124 
5267	135 
5268	197 
5269	47 
5270	133 
5271	52 
5272	146 
5273	47 
5274	41 
5275	132 
5276	121 
5277	126 
5278	106 
5279	156 
5280	194 
5281	105 
5282	196 
5283	16 
5284	40 
5285	166 
5286	63 
5287	22 
5288	4 
5289	58 
5290	78 
5291	86 
5292	103 
5293	74 
5294	179 
5295	39 
5296	97 
5297	6 
5298	197 
5299	160 
5300	21 
5301	115 
5302	163 
5303	104 
5304	111 
5305	184 
5306	119 
5307	163 
5308	116 
5309	133 
5310	49 
5311	68 
5312	12 
5313	99 
5314	7 
5315	27 
5316	152 
5317	98 
5318	70 
5319	149 
5320	54 
5321	58 
5322	25 
5323	126 
5324	191 
5325	155 
5326	123 
5327	1 
5328	177 
5329	180 
5330	120 
5331	195 
5332	58 
5333	5 
5334	105 
5335	92 
5336	145 
5337	67 
5338	88 
5339	17 
5340	32 
5341	17 
5342	78 
5343	38 
5344	46 
5345	24 
5346	197 
5347	127 
5348	21 
5349	204 
5350	61 
5351	40 
5352	94 
5353	17 
5354	28 
5355	47 
5356	178 
5357	132 
5358	133 
5359	13 
5360	124 
5361	132 
5362	87 
5363	84 
5364	91 
5365	169 
5366	141 
5367	119 
5368	91 
5369	30 
5370	211 
5371	173 
5372	136 
5373	136 
5374	94 
5375	188 
5376	56 
5377	211 
5378	182 
5379	108 
5380	108 
5381	34 
5382	161 
5383	206 
5384	128 
5385	110 
5386	91 
5387	195 
5388	215 
5389	24 
5390	70 
5391	41 
5392	184 
5393	69 
5394	24 
5395	174 
5396	186 
5397	214 
5398	11 
5399	37 
5400	178 
5401	188 
5402	166 
5403	105 
5404	170 
5405	89 
5406	212 
5407	23 
5408	95 
5409	18 
5410	28 
5411	39 
5412	155 
5413	139 
5414	98 
5415	27 
5416	11 
5417	12 
5418	146 
5419	151 
5420	2 
5421	57 
5422	14 
5423	212 
5424	89 
5425	151 
5426	207 
5427	187 
5428	51 
5429	95 
5430	203 
5431	162 
5432	192 
5433	79 
5434	111 
5435	154 
5436	94 
5437	161 
5438	213 
5439	200 
5440	141 
5441	54 
5442	74 
5443	188 
5444	107 
5445	113 
5446	78 
5447	109 
5448	194 
5449	165 
5450	179 
5451	120 
5452	50 
5453	150 
5454	63 
5455	19 
5456	67 
5457	142 
5458	57 
5459	150 
5460	81 
5461	195 
5462	166 
5463	130 
5464	36 
5465	115 
5466	4 
5467	29 
5468	160 
5469	113 
5470	145 
5471	101 
5472	27 
5473	26 
5474	39 
5475	90 
5476	138 
5477	28 
5478	49 
5479	112 
5480	86 
5481	212 
5482	27 
5483	31 
5484	205 
5485	97 
5486	85 
5487	196 
5488	207 
5489	163 
5490	99 
5491	109 
5492	147 
5493	167 
5494	59 
5495	122 
5496	1 
5497	193 
5498	113 
5499	21 
5500	25 
5501	205 
5502	205 
5503	140 
5504	210 
5505	17 
5506	127 
5507	155 
5508	68 
5509	83 
5510	200 
5511	76 
5512	194 
5513	208 
5514	78 
5515	174 
5516	17 
5517	36 
5518	139 
5519	79 
5520	91 
5521	3 
5522	127 
5523	140 
5524	122 
5525	21 
5526	114 
5527	97 
5528	37 
5529	212 
5530	150 
5531	8 
5532	29 
5533	198 
5534	91 
5535	85 
5536	152 
5537	127 
5538	3 
5539	16 
5540	82 
5541	133 
5542	183 
5543	147 
5544	66 
5545	11 
5546	102 
5547	69 
5548	167 
5549	29 
5550	133 
5551	35 
5552	61 
5553	11 
5554	155 
5555	198 
5556	183 
5557	28 
5558	195 
5559	129 
5560	142 
5561	50 
5562	107 
5563	95 
5564	131 
5565	75 
5566	8 
5567	34 
5568	190 
5569	112 
5570	54 
5571	34 
5572	42 
5573	100 
5574	85 
5575	191 
5576	15 
5577	103 
5578	63 
5579	215 
5580	178 
5581	156 
5582	161 
5583	141 
5584	104 
5585	162 
5586	183 
5587	180 
5588	94 
5589	20 
5590	188 
5591	4 
5592	103 
5593	131 
5594	181 
5595	173 
5596	130 
5597	140 
5598	205 
5599	194 
5600	131 
5601	51 
5602	45 
5603	197 
5604	117 
5605	9 
5606	204 
5607	126 
5608	207 
5609	16 
5610	94 
5611	181 
5612	147 
5613	140 
5614	92 
5615	147 
5616	30 
5617	190 
5618	199 
5619	14 
5620	78 
5621	200 
5622	134 
5623	33 
5624	48 
5625	132 
5626	89 
5627	34 
5628	185 
5629	42 
5630	144 
5631	16 
5632	183 
5633	184 
5634	64 
5635	57 
5636	103 
5637	182 
5638	67 
5639	205 
5640	26 
5641	107 
5642	102 
5643	80 
5644	169 
5645	134 
5646	119 
5647	62 
5648	190 
5649	49 
5650	102 
5651	145 
5652	165 
5653	211 
5654	96 
5655	100 
5656	89 
5657	202 
5658	172 
5659	66 
5660	158 
5661	186 
5662	46 
5663	72 
5664	143 
5665	77 
5666	42 
5667	208 
5668	151 
5669	32 
5670	98 
5671	39 
5672	195 
5673	84 
5674	176 
5675	174 
5676	174 
5677	184 
5678	179 
5679	162 
5680	215 
5681	137 
5682	150 
5683	97 
5684	201 
5685	8 
5686	25 
5687	99 
5688	8 
5689	180 
5690	46 
5691	86 
5692	199 
5693	131 
5694	118 
5695	138 
5696	13 
5697	162 
5698	27 
5699	21 
5700	156 
5701	178 
5702	139 
5703	17 
5704	95 
5705	76 
5706	128 
5707	154 
5708	135 
5709	165 
5710	29 
5711	161 
5712	85 
5713	124 
5714	33 
5715	145 
5716	155 
5717	186 
5718	81 
5719	155 
5720	138 
5721	1 
5722	186 
5723	186 
5724	16 
5725	99 
5726	99 
5727	26 
5728	183 
5729	47 
5730	210 
5731	48 
5732	145 
5733	152 
5734	68 
5735	161 
5736	105 
5737	67 
5738	44 
5739	122 
5740	74 
5741	23 
5742	192 
5743	148 
5744	23 
5745	215 
5746	198 
5747	62 
5748	112 
5749	43 
5750	77 
5751	92 
5752	163 
5753	194 
5754	48 
5755	11 
5756	198 
5757	199 
5758	56 
5759	136 
5760	147 
5761	72 
5762	108 
5763	128 
5764	97 
5765	46 
5766	89 
5767	136 
5768	107 
5769	81 
5770	98 
5771	137 
5772	152 
5773	41 
5774	207 
5775	114 
5776	180 
5777	59 
5778	200 
5779	115 
5780	159 
5781	37 
5782	210 
5783	84 
5784	71 
5785	207 
5786	68 
5787	84 
5788	175 
5789	166 
5790	19 
5791	193 
5792	202 
5793	11 
5794	1 
5795	192 
5796	192 
5797	128 
5798	12 
5799	174 
5800	65 
5801	203 
5802	190 
5803	196 
5804	13 
5805	186 
5806	208 
5807	89 
5808	39 
5809	200 
5810	22 
5811	52 
5812	209 
5813	173 
5814	54 
5815	163 
5816	17 
5817	113 
5818	209 
5819	90 
5820	51 
5821	95 
5822	94 
5823	101 
5824	33 
5825	47 
5826	194 
5827	207 
5828	104 
5829	116 
5830	141 
5831	133 
5832	34 
5833	58 
5834	159 
5835	94 
5836	86 
5837	75 
5838	34 
5839	141 
5840	178 
5841	29 
5842	47 
5843	193 
5844	10 
5845	175 
5846	17 
5847	75 
5848	145 
5849	67 
5850	67 
5851	122 
5852	33 
5853	113 
5854	178 
5855	188 
5856	182 
5857	18 
5858	51 
5859	112 
5860	27 
5861	2 
5862	48 
5863	214 
5864	198 
5865	150 
5866	130 
5867	56 
5868	165 
5869	47 
5870	133 
5871	209 
5872	27 
5873	160 
5874	132 
5875	132 
5876	193 
5877	125 
5878	153 
5879	131 
5880	81 
5881	206 
5882	93 
5883	61 
5884	131 
5885	60 
5886	73 
5887	102 
5888	100 
5889	172 
5890	192 
5891	11 
5892	128 
5893	155 
5894	121 
5895	173 
5896	61 
5897	156 
5898	185 
5899	5 
5900	36 
5901	76 
5902	72 
5903	157 
5904	193 
5905	112 
5906	121 
5907	41 
5908	13 
5909	105 
5910	96 
5911	162 
5912	65 
5913	5 
5914	10 
5915	110 
5916	132 
5917	139 
5918	59 
5919	12 
5920	83 
5921	41 
5922	5 
5923	113 
5924	90 
5925	3 
5926	155 
5927	166 
5928	6 
5929	17 
5930	98 
5931	57 
5932	59 
5933	97 
5934	76 
5935	141 
5936	148 
5937	15 
5938	191 
5939	204 
5940	155 
5941	102 
5942	95 
5943	131 
5944	104 
5945	14 
5946	63 
5947	176 
5948	175 
5949	85 
5950	45 
5951	160 
5952	161 
5953	48 
5954	150 
5955	15 
5956	47 
5957	110 
5958	194 
5959	95 
5960	3 
5961	211 
5962	146 
5963	83 
5964	8 
5965	2 
5966	92 
5967	127 
5968	157 
5969	84 
5970	165 
5971	2 
5972	201 
5973	187 
5974	132 
5975	94 
5976	57 
5977	154 
5978	13 
5979	32 
5980	200 
5981	152 
5982	76 
5983	175 
5984	170 
5985	179 
5986	193 
5987	2 
5988	66 
5989	150 
5990	123 
5991	70 
5992	27 
5993	98 
5994	121 
5995	45 
5996	196 
5997	104 
5998	101 
5999	142 
6000	71 
6001	125 
6002	96 
6003	103 
6004	22 
6005	12 
6006	178 
6007	180 
6008	5 
6009	78 
6010	91 
6011	185 
6012	79 
6013	18 
6014	9 
6015	214 
6016	187 
6017	26 
6018	200 
6019	125 
6020	169 
6021	95 
6022	201 
6023	88 
6024	147 
6025	199 
6026	32 
6027	34 
6028	206 
6029	90 
6030	214 
6031	66 
6032	109 
6033	178 
6034	201 
6035	195 
6036	16 
6037	73 
6038	41 
6039	30 
6040	88 
6041	199 
6042	99 
6043	91 
6044	64 
6045	135 
6046	159 
6047	46 
6048	34 
6049	13 
6050	154 
6051	167 
6052	79 
6053	169 
6054	89 
6055	208 
6056	97 
6057	191 
6058	80 
6059	65 
6060	92 
6061	62 
6062	181 
6063	161 
6064	127 
6065	167 
6066	180 
6067	62 
6068	154 
6069	79 
6070	171 
6071	144 
6072	151 
6073	100 
6074	150 
6075	178 
6076	184 
6077	146 
6078	88 
6079	104 
6080	89 
6081	152 
6082	206 
6083	43 
6084	112 
6085	63 
6086	61 
6087	212 
6088	73 
6089	21 
6090	155 
6091	125 
6092	37 
6093	50 
6094	5 
6095	101 
6096	196 
6097	98 
6098	122 
6099	8 
6100	189 
6101	96 
6102	207 
6103	10 
6104	210 
6105	127 
6106	90 
6107	163 
6108	163 
6109	127 
6110	161 
6111	63 
6112	47 
6113	23 
6114	133 
6115	188 
6116	116 
6117	107 
6118	215 
6119	36 
6120	136 
6121	211 
6122	185 
6123	55 
6124	186 
6125	188 
6126	150 
6127	47 
6128	173 
6129	45 
6130	162 
6131	70 
6132	84 
6133	100 
6134	9 
6135	137 
6136	83 
6137	36 
6138	167 
6139	192 
6140	59 
6141	151 
6142	156 
6143	206 
6144	32 
6145	144 
6146	207 
6147	61 
6148	68 
6149	18 
6150	90 
6151	129 
6152	145 
6153	98 
6154	62 
6155	56 
6156	52 
6157	213 
6158	175 
6159	68 
6160	165 
6161	138 
6162	102 
6163	99 
6164	167 
6165	85 
6166	160 
6167	213 
6168	173 
6169	128 
6170	40 
6171	12 
6172	86 
6173	150 
6174	20 
6175	194 
6176	156 
6177	128 
6178	50 
6179	16 
6180	43 
6181	49 
6182	42 
6183	73 
6184	18 
6185	96 
6186	78 
6187	211 
6188	132 
6189	1 
6190	163 
6191	168 
6192	135 
6193	144 
6194	207 
6195	21 
6196	100 
6197	73 
6198	171 
6199	147 
6200	59 
6201	29 
6202	160 
6203	170 
6204	66 
6205	89 
6206	42 
6207	16 
6208	43 
6209	42 
6210	177 
6211	192 
6212	72 
6213	189 
6214	78 
6215	51 
6216	53 
6217	55 
6218	192 
6219	154 
6220	106 
6221	57 
6222	184 
6223	8 
6224	28 
6225	59 
6226	194 
6227	204 
6228	197 
6229	4 
6230	6 
6231	10 
6232	148 
6233	106 
6234	14 
6235	175 
6236	215 
6237	180 
6238	160 
6239	18 
6240	97 
6241	146 
6242	190 
6243	36 
6244	105 
6245	16 
6246	140 
6247	126 
6248	181 
6249	172 
6250	139 
6251	71 
6252	90 
6253	91 
6254	113 
6255	72 
6256	152 
6257	94 
6258	164 
6259	30 
6260	117 
6261	207 
6262	93 
6263	19 
6264	10 
6265	41 
6266	27 
6267	157 
6268	214 
6269	63 
6270	72 
6271	162 
6272	135 
6273	212 
6274	109 
6275	112 
6276	4 
6277	38 
6278	94 
6279	105 
6280	151 
6281	92 
6282	103 
6283	46 
6284	69 
6285	26 
6286	97 
6287	130 
6288	23 
6289	203 
6290	74 
6291	52 
6292	100 
6293	128 
6294	133 
6295	103 
6296	171 
6297	8 
6298	3 
6299	161 
6300	181 
6301	183 
6302	62 
6303	129 
6304	117 
6305	38 
6306	76 
6307	200 
6308	132 
6309	140 
6310	102 
6311	59 
6312	152 
6313	149 
6314	131 
6315	144 
6316	112 
6317	50 
6318	179 
6319	102 
6320	22 
6321	49 
6322	207 
6323	63 
6324	172 
6325	183 
6326	14 
6327	97 
6328	2 
6329	1 
6330	168 
6331	68 
6332	111 
6333	14 
6334	5 
6335	29 
6336	168 
6337	173 
6338	53 
6339	141 
6340	141 
6341	11 
6342	113 
6343	77 
6344	84 
6345	19 
6346	65 
6347	41 
6348	204 
6349	39 
6350	198 
6351	186 
6352	184 
6353	154 
6354	11 
6355	160 
6356	124 
6357	36 
6358	101 
6359	128 
6360	187 
6361	213 
6362	18 
6363	140 
6364	40 
6365	164 
6366	76 
6367	89 
6368	72 
6369	166 
6370	52 
6371	65 
6372	96 
6373	20 
6374	59 
6375	84 
6376	143 
6377	80 
6378	40 
6379	191 
6380	9 
6381	47 
6382	149 
6383	137 
6384	11 
6385	21 
6386	105 
6387	140 
6388	48 
6389	97 
6390	171 
6391	145 
6392	46 
6393	2 
6394	198 
6395	89 
6396	85 
6397	59 
6398	135 
6399	74 
6400	202 
6401	144 
6402	213 
6403	170 
6404	112 
6405	8 
6406	184 
6407	29 
6408	183 
6409	183 
6410	103 
6411	180 
6412	56 
6413	159 
6414	82 
6415	34 
6416	129 
6417	24 
6418	41 
6419	80 
6420	172 
6421	203 
6422	195 
6423	29 
6424	140 
6425	34 
6426	129 
6427	189 
6428	188 
6429	105 
6430	57 
6431	10 
6432	204 
6433	202 
6434	139 
6435	202 
6436	11 
6437	83 
6438	107 
6439	70 
6440	214 
6441	36 
6442	74 
6443	108 
6444	8 
6445	186 
6446	158 
6447	9 
6448	26 
6449	107 
6450	27 
6451	65 
6452	44 
6453	132 
6454	215 
6455	5 
6456	169 
6457	46 
6458	10 
6459	160 
6460	89 
6461	84 
6462	90 
6463	120 
6464	109 
6465	48 
6466	176 
6467	174 
6468	74 
6469	105 
6470	104 
6471	127 
6472	74 
6473	104 
6474	6 
6475	4 
6476	46 
6477	77 
6478	43 
6479	76 
6480	95 
6481	171 
6482	210 
6483	96 
6484	198 
6485	33 
6486	19 
6487	10 
6488	95 
6489	204 
6490	51 
6491	47 
6492	30 
6493	148 
6494	118 
6495	119 
6496	206 
6497	198 
6498	42 
6499	9 
6500	163 
6501	175 
6502	91 
6503	151 
6504	5 
6505	132 
6506	152 
6507	32 
6508	177 
6509	169 
6510	38 
6511	96 
6512	31 
6513	102 
6514	8 
6515	145 
6516	147 
6517	202 
6518	28 
6519	58 
6520	113 
6521	47 
6522	106 
6523	80 
6524	81 
6525	194 
6526	131 
6527	163 
6528	50 
6529	202 
6530	127 
6531	125 
6532	189 
6533	139 
6534	176 
6535	105 
6536	156 
6537	27 
6538	176 
6539	28 
6540	8 
6541	142 
6542	73 
6543	51 
6544	82 
6545	25 
6546	107 
6547	123 
6548	93 
6549	197 
6550	123 
6551	74 
6552	206 
6553	139 
6554	165 
6555	49 
6556	203 
6557	113 
6558	136 
6559	163 
6560	128 
6561	211 
6562	206 
6563	156 
6564	174 
6565	88 
6566	140 
6567	123 
6568	208 
6569	37 
6570	46 
6571	209 
6572	47 
6573	114 
6574	38 
6575	129 
6576	122 
6577	42 
6578	70 
6579	140 
6580	81 
6581	13 
6582	192 
6583	210 
6584	207 
6585	104 
6586	43 
6587	91 
6588	181 
6589	84 
6590	206 
6591	6 
6592	116 
6593	188 
6594	26 
6595	142 
6596	109 
6597	47 
6598	103 
6599	50 
6600	69 
6601	176 
6602	100 
6603	48 
6604	209 
6605	157 
6606	82 
6607	167 
6608	102 
6609	204 
6610	4 
6611	33 
6612	68 
6613	182 
6614	190 
6615	36 
6616	191 
6617	120 
6618	211 
6619	112 
6620	20 
6621	161 
6622	137 
6623	51 
6624	121 
6625	50 
6626	131 
6627	188 
6628	165 
6629	94 
6630	186 
6631	67 
6632	98 
6633	210 
6634	65 
6635	41 
6636	114 
6637	110 
6638	109 
6639	46 
6640	189 
6641	20 
6642	79 
6643	133 
6644	14 
6645	25 
6646	50 
6647	207 
6648	18 
6649	102 
6650	82 
6651	127 
6652	7 
6653	172 
6654	207 
6655	82 
6656	192 
6657	23 
6658	48 
6659	203 
6660	125 
6661	114 
6662	22 
6663	116 
6664	84 
6665	4 
6666	26 
6667	151 
6668	27 
6669	77 
6670	56 
6671	211 
6672	43 
6673	11 
6674	47 
6675	156 
6676	93 
6677	152 
6678	36 
6679	76 
6680	32 
6681	98 
6682	137 
6683	138 
6684	159 
6685	110 
6686	25 
6687	185 
6688	195 
6689	72 
6690	24 
6691	154 
6692	48 
6693	113 
6694	19 
6695	163 
6696	120 
6697	110 
6698	112 
6699	200 
6700	59 
6701	25 
6702	100 
6703	32 
6704	78 
6705	169 
6706	189 
6707	131 
6708	141 
6709	102 
6710	139 
6711	147 
6712	87 
6713	116 
6714	21 
6715	140 
6716	214 
6717	18 
6718	191 
6719	156 
6720	41 
6721	177 
6722	14 
6723	101 
6724	53 
6725	86 
6726	69 
6727	26 
6728	154 
6729	187 
6730	142 
6731	83 
6732	114 
6733	23 
6734	174 
6735	170 
6736	116 
6737	126 
6738	157 
6739	135 
6740	77 
6741	74 
6742	159 
6743	164 
6744	194 
6745	2 
6746	57 
6747	109 
6748	76 
6749	95 
6750	54 
6751	82 
6752	141 
6753	12 
6754	129 
6755	170 
6756	44 
6757	147 
6758	92 
6759	151 
6760	43 
6761	63 
6762	127 
6763	136 
6764	116 
6765	93 
6766	137 
6767	2 
6768	123 
6769	165 
6770	141 
6771	57 
6772	103 
6773	151 
6774	160 
6775	200 
6776	163 
6777	37 
6778	149 
6779	81 
6780	129 
6781	94 
6782	123 
6783	215 
6784	179 
6785	167 
6786	164 
6787	7 
6788	78 
6789	205 
6790	39 
6791	185 
6792	27 
6793	137 
6794	136 
6795	198 
6796	22 
6797	73 
6798	69 
6799	193 
6800	143 
6801	93 
6802	150 
6803	210 
6804	95 
6805	31 
6806	191 
6807	102 
6808	20 
6809	38 
6810	145 
6811	212 
6812	19 
6813	74 
6814	147 
6815	163 
6816	110 
6817	27 
6818	22 
6819	154 
6820	54 
6821	166 
6822	8 
6823	73 
6824	99 
6825	130 
6826	84 
6827	128 
6828	9 
6829	8 
6830	106 
6831	86 
6832	106 
6833	154 
6834	155 
6835	174 
6836	191 
6837	175 
6838	188 
6839	204 
6840	145 
6841	44 
6842	53 
6843	11 
6844	87 
6845	134 
6846	183 
6847	99 
6848	103 
6849	70 
6850	150 
6851	191 
6852	137 
6853	49 
6854	45 
6855	172 
6856	170 
6857	163 
6858	120 
6859	93 
6860	90 
6861	157 
6862	123 
6863	198 
6864	139 
6865	55 
6866	141 
6867	70 
6868	197 
6869	27 
6870	137 
6871	175 
6872	71 
6873	180 
6874	208 
6875	123 
6876	30 
6877	113 
6878	99 
6879	112 
6880	83 
6881	99 
6882	166 
6883	163 
6884	183 
6885	175 
6886	125 
6887	178 
6888	86 
6889	134 
6890	77 
6891	153 
6892	69 
6893	4 
6894	31 
6895	53 
6896	135 
6897	63 
6898	126 
6899	188 
6900	77 
6901	176 
6902	79 
6903	203 
6904	212 
6905	129 
6906	30 
6907	206 
6908	102 
6909	65 
6910	63 
6911	46 
6912	171 
6913	154 
6914	30 
6915	36 
6916	146 
6917	99 
6918	183 
6919	4 
6920	94 
6921	196 
6922	26 
6923	166 
6924	16 
6925	11 
6926	203 
6927	41 
6928	45 
6929	163 
6930	121 
6931	35 
6932	155 
6933	150 
6934	213 
6935	32 
6936	69 
6937	132 
6938	92 
6939	60 
6940	178 
6941	97 
6942	7 
6943	113 
6944	184 
6945	103 
6946	151 
6947	93 
6948	8 
6949	61 
6950	137 
6951	27 
6952	184 
6953	42 
6954	73 
6955	57 
6956	104 
6957	179 
6958	119 
6959	209 
6960	133 
6961	66 
6962	33 
6963	14 
6964	5 
6965	143 
6966	192 
6967	93 
6968	150 
6969	100 
6970	203 
6971	107 
6972	178 
6973	137 
6974	140 
6975	54 
6976	97 
6977	212 
6978	164 
6979	190 
6980	139 
6981	26 
6982	141 
6983	56 
6984	151 
6985	213 
6986	212 
6987	20 
6988	214 
6989	201 
6990	151 
6991	1 
6992	48 
6993	166 
6994	166 
6995	121 
6996	211 
6997	1 
6998	180 
6999	112 
7000	10 
7001	60 
7002	168 
7003	26 
7004	76 
7005	13 
7006	25 
7007	25 
7008	151 
7009	66 
7010	161 
7011	203 
7012	103 
7013	164 
7014	96 
7015	189 
7016	81 
7017	117 
7018	78 
7019	8 
7020	33 
7021	171 
7022	36 
7023	172 
7024	158 
7025	60 
7026	198 
7027	191 
7028	104 
7029	185 
7030	119 
7031	176 
7032	52 
7033	49 
7034	166 
7035	69 
7036	87 
7037	154 
7038	58 
7039	84 
7040	11 
7041	51 
7042	35 
7043	41 
7044	110 
7045	152 
7046	55 
7047	212 
7048	7 
7049	74 
7050	55 
7051	69 
7052	190 
7053	31 
7054	200 
7055	15 
7056	169 
7057	125 
7058	60 
7059	52 
7060	134 
7061	183 
7062	145 
7063	213 
7064	40 
7065	125 
7066	57 
7067	26 
7068	134 
7069	47 
7070	102 
7071	124 
7072	81 
7073	165 
7074	17 
7075	130 
7076	51 
7077	162 
7078	187 
7079	61 
7080	133 
7081	116 
7082	61 
7083	200 
7084	178 
7085	26 
7086	132 
7087	214 
7088	90 
7089	94 
7090	52 
7091	26 
7092	191 
7093	212 
7094	16 
7095	82 
7096	154 
7097	92 
7098	141 
7099	48 
7100	122 
7101	55 
7102	164 
7103	12 
7104	149 
7105	200 
7106	84 
7107	33 
7108	134 
7109	182 
7110	72 
7111	150 
7112	94 
7113	145 
7114	127 
7115	29 
7116	35 
7117	27 
7118	3 
7119	139 
7120	200 
7121	178 
7122	122 
7123	15 
7124	98 
7125	207 
7126	58 
7127	108 
7128	90 
7129	36 
7130	85 
7131	164 
7132	6 
7133	107 
7134	192 
7135	204 
7136	152 
7137	191 
7138	127 
7139	118 
7140	204 
7141	137 
7142	117 
7143	22 
7144	161 
7145	194 
7146	156 
7147	175 
7148	8 
7149	200 
7150	161 
7151	159 
7152	23 
7153	6 
7154	153 
7155	27 
7156	127 
7157	197 
7158	201 
7159	1 
7160	79 
7161	113 
7162	171 
7163	151 
7164	103 
7165	58 
7166	56 
7167	100 
7168	34 
7169	33 
7170	18 
7171	186 
7172	212 
7173	156 
7174	54 
7175	108 
7176	58 
7177	99 
7178	111 
7179	215 
7180	210 
7181	74 
7182	213 
7183	130 
7184	51 
7185	125 
7186	135 
7187	117 
7188	137 
7189	87 
7190	205 
7191	79 
7192	152 
7193	104 
7194	147 
7195	168 
7196	87 
7197	192 
7198	162 
7199	27 
7200	47 
7201	92 
7202	121 
7203	122 
7204	202 
7205	46 
7206	52 
7207	177 
7208	193 
7209	195 
7210	181 
7211	1 
7212	23 
7213	109 
7214	85 
7215	23 
7216	74 
7217	60 
7218	119 
7219	59 
7220	69 
7221	105 
7222	36 
7223	126 
7224	28 
7225	2 
7226	161 
7227	21 
7228	193 
7229	41 
7230	198 
7231	84 
7232	175 
7233	199 
7234	166 
7235	65 
7236	135 
7237	33 
7238	125 
7239	81 
7240	57 
7241	133 
7242	157 
7243	132 
7244	184 
7245	130 
7246	33 
7247	212 
7248	64 
7249	123 
7250	115 
7251	100 
7252	174 
7253	179 
7254	105 
7255	57 
7256	190 
7257	128 
7258	31 
7259	116 
7260	181 
7261	3 
7262	108 
7263	69 
7264	29 
7265	125 
7266	24 
7267	53 
7268	5 
7269	128 
7270	129 
7271	197 
7272	62 
7273	140 
7274	178 
7275	1 
7276	60 
7277	119 
7278	189 
7279	105 
7280	96 
7281	123 
7282	83 
7283	15 
7284	47 
7285	141 
7286	61 
7287	110 
7288	58 
7289	2 
7290	120 
7291	138 
7292	127 
7293	208 
7294	109 
7295	122 
7296	15 
7297	153 
7298	207 
7299	155 
7300	116 
7301	189 
7302	142 
7303	186 
7304	91 
7305	95 
7306	141 
7307	97 
7308	122 
7309	19 
7310	163 
7311	96 
7312	74 
7313	76 
7314	112 
7315	102 
7316	130 
7317	70 
7318	66 
7319	101 
7320	153 
7321	205 
7322	91 
7323	109 
7324	111 
7325	176 
7326	213 
7327	8 
7328	156 
7329	42 
7330	159 
7331	158 
7332	89 
7333	78 
7334	11 
7335	71 
7336	211 
7337	14 
7338	172 
7339	117 
7340	181 
7341	80 
7342	214 
7343	18 
7344	112 
7345	192 
7346	168 
7347	170 
7348	41 
7349	41 
7350	157 
7351	126 
7352	151 
7353	77 
7354	56 
7355	143 
7356	201 
7357	102 
7358	215 
7359	76 
7360	47 
7361	114 
7362	126 
7363	65 
7364	80 
7365	98 
7366	23 
7367	151 
7368	185 
7369	87 
7370	5 
7371	9 
7372	84 
7373	46 
7374	112 
7375	138 
7376	114 
7377	140 
7378	110 
7379	150 
7380	60 
7381	13 
7382	36 
7383	24 
7384	36 
7385	23 
7386	165 
7387	89 
7388	31 
7389	47 
7390	6 
7391	24 
7392	74 
7393	19 
7394	62 
7395	213 
7396	116 
7397	199 
7398	7 
7399	37 
7400	85 
7401	118 
7402	189 
7403	33 
7404	79 
7405	5 
7406	191 
7407	147 
7408	67 
7409	46 
7410	74 
7411	103 
7412	154 
7413	162 
7414	89 
7415	26 
7416	104 
7417	33 
7418	212 
7419	15 
7420	15 
7421	195 
7422	90 
7423	36 
7424	176 
7425	124 
7426	213 
7427	193 
7428	60 
7429	3 
7430	68 
7431	62 
7432	146 
7433	117 
7434	74 
7435	72 
7436	102 
7437	181 
7438	69 
7439	74 
7440	161 
7441	32 
7442	111 
7443	94 
7444	129 
7445	26 
7446	182 
7447	99 
7448	48 
7449	162 
7450	53 
7451	164 
7452	20 
7453	94 
7454	6 
7455	30 
7456	80 
7457	91 
7458	101 
7459	211 
7460	32 
7461	148 
7462	79 
7463	127 
7464	107 
7465	181 
7466	170 
7467	78 
7468	42 
7469	149 
7470	212 
7471	12 
7472	54 
7473	126 
7474	199 
7475	215 
7476	22 
7477	15 
7478	66 
7479	126 
7480	210 
7481	90 
7482	193 
7483	146 
7484	103 
7485	159 
7486	115 
7487	94 
7488	165 
7489	18 
7490	28 
7491	8 
7492	102 
7493	196 
7494	186 
7495	71 
7496	207 
7497	62 
7498	4 
7499	194 
7500	176 
7501	134 
7502	63 
7503	204 
7504	194 
7505	17 
7506	172 
7507	110 
7508	79 
7509	210 
7510	201 
7511	153 
7512	178 
7513	12 
7514	159 
7515	156 
7516	203 
7517	140 
7518	150 
7519	98 
7520	14 
7521	160 
7522	160 
7523	173 
7524	81 
7525	5 
7526	29 
7527	41 
7528	103 
7529	74 
7530	192 
7531	61 
7532	106 
7533	92 
7534	172 
7535	143 
7536	66 
7537	48 
7538	201 
7539	174 
7540	56 
7541	166 
7542	180 
7543	2 
7544	14 
7545	76 
7546	108 
7547	147 
7548	50 
7549	130 
7550	109 
7551	173 
7552	34 
7553	175 
7554	12 
7555	190 
7556	39 
7557	175 
7558	81 
7559	213 
7560	98 
7561	118 
7562	56 
7563	65 
7564	134 
7565	21 
7566	25 
7567	155 
7568	11 
7569	203 
7570	28 
7571	112 
7572	23 
7573	28 
7574	139 
7575	107 
7576	116 
7577	145 
7578	186 
7579	75 
7580	167 
7581	162 
7582	207 
7583	86 
7584	92 
7585	210 
7586	42 
7587	12 
7588	129 
7589	206 
7590	47 
7591	167 
7592	196 
7593	199 
7594	26 
7595	18 
7596	105 
7597	49 
7598	164 
7599	110 
7600	179 
7601	24 
7602	38 
7603	53 
7604	157 
7605	111 
7606	177 
7607	133 
7608	210 
7609	61 
7610	19 
7611	5 
7612	65 
7613	82 
7614	42 
7615	116 
7616	207 
7617	56 
7618	128 
7619	174 
7620	151 
7621	103 
7622	79 
7623	209 
7624	29 
7625	180 
7626	195 
7627	160 
7628	167 
7629	97 
7630	142 
7631	29 
7632	164 
7633	105 
7634	136 
7635	22 
7636	28 
7637	108 
7638	23 
7639	102 
7640	197 
7641	24 
7642	113 
7643	36 
7644	74 
7645	69 
7646	212 
7647	131 
7648	135 
7649	153 
7650	168 
7651	73 
7652	190 
7653	190 
7654	166 
7655	19 
7656	122 
7657	204 
7658	23 
7659	151 
7660	40 
7661	23 
7662	130 
7663	136 
7664	160 
7665	65 
7666	147 
7667	41 
7668	196 
7669	1 
7670	132 
7671	157 
7672	3 
7673	167 
7674	176 
7675	162 
7676	33 
7677	17 
7678	51 
7679	26 
7680	164 
7681	65 
7682	192 
7683	83 
7684	21 
7685	98 
7686	186 
7687	3 
7688	215 
7689	21 
7690	14 
7691	57 
7692	108 
7693	10 
7694	42 
7695	97 
7696	172 
7697	86 
7698	209 
7699	42 
7700	95 
7701	183 
7702	24 
7703	125 
7704	81 
7705	126 
7706	132 
7707	130 
7708	176 
7709	105 
7710	44 
7711	49 
7712	91 
7713	183 
7714	109 
7715	66 
7716	23 
7717	114 
7718	164 
7719	111 
7720	60 
7721	131 
7722	93 
7723	47 
7724	127 
7725	128 
7726	177 
7727	35 
7728	58 
7729	191 
7730	204 
7731	111 
7732	29 
7733	114 
7734	181 
7735	208 
7736	32 
7737	36 
7738	53 
7739	202 
7740	91 
7741	126 
7742	209 
7743	80 
7744	181 
7745	37 
7746	147 
7747	177 
7748	46 
7749	14 
7750	64 
7751	133 
7752	140 
7753	148 
7754	88 
7755	159 
7756	9 
7757	42 
7758	192 
7759	203 
7760	94 
7761	24 
7762	128 
7763	8 
7764	90 
7765	53 
7766	11 
7767	111 
7768	79 
7769	128 
7770	167 
7771	208 
7772	52 
7773	45 
7774	172 
7775	25 
7776	215 
7777	48 
7778	15 
7779	96 
7780	89 
7781	199 
7782	3 
7783	17 
7784	79 
7785	62 
7786	72 
7787	193 
7788	162 
7789	94 
7790	36 
7791	84 
7792	180 
7793	16 
7794	127 
7795	92 
7796	48 
7797	40 
7798	135 
7799	89 
7800	138 
7801	184 
7802	27 
7803	63 
7804	189 
7805	18 
7806	71 
7807	106 
7808	91 
7809	108 
7810	198 
7811	128 
7812	120 
7813	114 
7814	118 
7815	126 
7816	102 
7817	197 
7818	98 
7819	19 
7820	97 
7821	121 
7822	105 
7823	153 
7824	122 
7825	201 
7826	167 
7827	143 
7828	156 
7829	43 
7830	145 
7831	212 
7832	201 
7833	84 
7834	10 
7835	198 
7836	91 
7837	22 
7838	154 
7839	30 
7840	155 
7841	151 
7842	105 
7843	177 
7844	204 
7845	177 
7846	14 
7847	178 
7848	120 
7849	41 
7850	44 
7851	76 
7852	178 
7853	60 
7854	125 
7855	87 
7856	34 
7857	66 
7858	155 
7859	143 
7860	138 
7861	46 
7862	113 
7863	46 
7864	146 
7865	2 
7866	140 
7867	201 
7868	125 
7869	42 
7870	63 
7871	192 
7872	25 
7873	149 
7874	195 
7875	156 
7876	90 
7877	189 
7878	73 
7879	32 
7880	55 
7881	10 
7882	25 
7883	87 
7884	141 
7885	113 
7886	66 
7887	60 
7888	179 
7889	157 
7890	27 
7891	180 
7892	51 
7893	160 
7894	65 
7895	45 
7896	183 
7897	61 
7898	45 
7899	133 
7900	125 
7901	212 
7902	110 
7903	118 
7904	27 
7905	5 
7906	54 
7907	107 
7908	171 
7909	172 
7910	11 
7911	55 
7912	99 
7913	112 
7914	124 
7915	160 
7916	12 
7917	105 
7918	202 
7919	54 
7920	113 
7921	101 
7922	25 
7923	71 
7924	166 
7925	29 
7926	145 
7927	193 
7928	119 
7929	33 
7930	191 
7931	191 
7932	188 
7933	210 
7934	4 
7935	104 
7936	146 
7937	119 
7938	69 
7939	84 
7940	201 
7941	199 
7942	52 
7943	137 
7944	140 
7945	33 
7946	14 
7947	9 
7948	115 
7949	44 
7950	201 
7951	21 
7952	90 
7953	198 
7954	195 
7955	132 
7956	156 
7957	27 
7958	194 
7959	109 
7960	188 
7961	56 
7962	89 
7963	55 
7964	74 
7965	164 
7966	32 
7967	57 
7968	100 
7969	50 
7970	82 
7971	191 
7972	130 
7973	79 
7974	85 
7975	81 
7976	182 
7977	111 
7978	8 
7979	5 
7980	154 
7981	115 
7982	138 
7983	151 
7984	39 
7985	159 
7986	79 
7987	86 
7988	179 
7989	153 
7990	109 
7991	141 
7992	179 
7993	110 
7994	144 
7995	66 
7996	59 
7997	123 
7998	38 
7999	131 
8000	184 
8001	201 
8002	27 
8003	34 
8004	140 
8005	131 
8006	20 
8007	25 
8008	122 
8009	48 
8010	38 
8011	196 
8012	191 
8013	135 
8014	81 
8015	173 
8016	104 
8017	191 
8018	174 
8019	130 
8020	152 
8021	83 
8022	38 
8023	119 
8024	110 
8025	58 
8026	191 
8027	23 
8028	211 
8029	54 
8030	104 
8031	116 
8032	86 
8033	130 
8034	145 
8035	110 
8036	131 
8037	150 
8038	180 
8039	61 
8040	88 
8041	5 
8042	153 
8043	125 
8044	149 
8045	206 
8046	65 
8047	141 
8048	194 
8049	25 
8050	1 
8051	81 
8052	181 
8053	183 
8054	119 
8055	58 
8056	40 
8057	32 
8058	111 
8059	207 
8060	88 
8061	182 
8062	185 
8063	63 
8064	215 
8065	77 
8066	29 
8067	44 
8068	208 
8069	160 
8070	130 
8071	8 
8072	108 
8073	108 
8074	71 
8075	54 
8076	158 
8077	212 
8078	45 
8079	193 
8080	50 
8081	189 
8082	130 
8083	40 
8084	87 
8085	90 
8086	167 
8087	16 
8088	211 
8089	22 
8090	30 
8091	60 
8092	182 
8093	29 
8094	115 
8095	192 
8096	201 
8097	78 
8098	48 
8099	145 
8100	51 
8101	121 
8102	138 
8103	68 
8104	191 
8105	103 
8106	165 
8107	171 
8108	152 
8109	198 
8110	158 
8111	168 
8112	214 
8113	112 
8114	180 
8115	20 
8116	8 
8117	128 
8118	131 
8119	154 
8120	92 
8121	79 
8122	148 
8123	170 
8124	38 
8125	49 
8126	55 
8127	60 
8128	201 
8129	87 
8130	195 
8131	12 
8132	199 
8133	42 
8134	148 
8135	184 
8136	176 
8137	177 
8138	202 
8139	138 
8140	81 
8141	10 
8142	97 
8143	105 
8144	143 
8145	160 
8146	103 
8147	168 
8148	53 
8149	198 
8150	65 
8151	134 
8152	132 
8153	215 
8154	97 
8155	60 
8156	146 
8157	57 
8158	208 
8159	190 
8160	155 
8161	188 
8162	171 
8163	123 
8164	204 
8165	133 
8166	69 
8167	135 
8168	108 
8169	157 
8170	44 
8171	35 
8172	134 
8173	150 
8174	215 
8175	81 
8176	162 
8177	120 
8178	35 
8179	107 
8180	127 
8181	111 
8182	66 
8183	23 
8184	169 
8185	10 
8186	22 
8187	144 
8188	29 
8189	215 
8190	124 
8191	130 
8192	157 
8193	102 
8194	109 
8195	199 
8196	125 
8197	128 
8198	67 
8199	88 
8200	169 
8201	205 
8202	149 
8203	189 
8204	162 
8205	108 
8206	81 
8207	176 
8208	199 
8209	111 
8210	187 
8211	95 
8212	23 
8213	170 
8214	149 
8215	24 
8216	89 
8217	118 
8218	119 
8219	173 
8220	61 
8221	8 
8222	139 
8223	147 
8224	55 
8225	144 
8226	211 
8227	134 
8228	84 
8229	63 
8230	112 
8231	157 
8232	187 
8233	103 
8234	77 
8235	94 
8236	194 
8237	12 
8238	130 
8239	7 
8240	146 
8241	167 
8242	211 
8243	156 
8244	94 
8245	151 
8246	29 
8247	42 
8248	67 
8249	159 
8250	76 
8251	125 
8252	87 
8253	91 
8254	178 
8255	2 
8256	97 
8257	199 
8258	143 
8259	188 
8260	62 
8261	37 
8262	104 
8263	24 
8264	92 
8265	202 
8266	63 
8267	94 
8268	27 
8269	41 
8270	81 
8271	111 
8272	14 
8273	128 
8274	33 
8275	64 
8276	5 
8277	111 
8278	208 
8279	73 
8280	66 
8281	160 
8282	51 
8283	136 
8284	94 
8285	5 
8286	150 
8287	106 
8288	42 
8289	39 
8290	102 
8291	30 
8292	80 
8293	11 
8294	83 
8295	183 
8296	160 
8297	198 
8298	129 
8299	138 
8300	70 
8301	31 
8302	204 
8303	158 
8304	143 
8305	46 
8306	89 
8307	40 
8308	211 
8309	196 
8310	121 
8311	74 
8312	65 
8313	201 
8314	201 
8315	73 
8316	36 
8317	18 
8318	160 
8319	125 
8320	172 
8321	55 
8322	120 
8323	83 
8324	6 
8325	137 
8326	121 
8327	165 
8328	53 
8329	189 
8330	173 
8331	61 
8332	131 
8333	85 
8334	101 
8335	204 
8336	87 
8337	177 
8338	160 
8339	178 
8340	130 
8341	58 
8342	183 
8343	168 
8344	73 
8345	164 
8346	210 
8347	89 
8348	198 
8349	207 
8350	38 
8351	192 
8352	210 
8353	204 
8354	129 
8355	141 
8356	49 
8357	101 
8358	30 
8359	177 
8360	179 
8361	29 
8362	207 
8363	205 
8364	190 
8365	215 
8366	76 
8367	113 
8368	18 
8369	56 
8370	114 
8371	79 
8372	75 
8373	102 
8374	73 
8375	145 
8376	79 
8377	119 
8378	83 
8379	81 
8380	75 
8381	169 
8382	204 
8383	102 
8384	152 
8385	162 
8386	49 
8387	158 
8388	165 
8389	107 
8390	120 
8391	41 
8392	171 
8393	69 
8394	38 
8395	98 
8396	141 
8397	182 
8398	163 
8399	190 
8400	180 
8401	161 
8402	40 
8403	58 
8404	68 
8405	35 
8406	36 
8407	43 
8408	14 
8409	188 
8410	157 
8411	113 
8412	22 
8413	137 
8414	208 
8415	169 
8416	77 
8417	115 
8418	214 
8419	103 
8420	199 
8421	208 
8422	61 
8423	175 
8424	193 
8425	109 
8426	159 
8427	211 
8428	79 
8429	203 
8430	29 
8431	119 
8432	115 
8433	63 
8434	189 
8435	180 
8436	18 
8437	209 
8438	94 
8439	71 
8440	84 
8441	215 
8442	204 
8443	123 
8444	111 
8445	64 
8446	15 
8447	82 
8448	41 
8449	50 
8450	38 
8451	150 
8452	76 
8453	176 
8454	100 
8455	30 
8456	13 
8457	148 
8458	62 
8459	84 
8460	43 
8461	18 
8462	208 
8463	153 
8464	200 
8465	9 
8466	200 
8467	115 
8468	138 
8469	61 
8470	35 
8471	30 
8472	52 
8473	26 
8474	166 
8475	51 
8476	173 
8477	152 
8478	163 
8479	182 
8480	168 
8481	209 
8482	127 
8483	157 
8484	126 
8485	91 
8486	121 
8487	117 
8488	8 
8489	93 
8490	176 
8491	97 
8492	32 
8493	136 
8494	81 
8495	148 
8496	55 
8497	214 
8498	159 
8499	184 
8500	101 
8501	21 
8502	67 
8503	157 
8504	118 
8505	209 
8506	122 
8507	180 
8508	178 
8509	184 
8510	89 
8511	187 
8512	101 
8513	18 
8514	55 
8515	173 
8516	147 
8517	8 
8518	12 
8519	197 
8520	130 
8521	161 
8522	202 
8523	190 
8524	74 
8525	28 
8526	209 
8527	175 
8528	59 
8529	151 
8530	5 
8531	37 
8532	95 
8533	54 
8534	204 
8535	166 
8536	60 
8537	73 
8538	13 
8539	13 
8540	150 
8541	21 
8542	213 
8543	42 
8544	76 
8545	155 
8546	75 
8547	194 
8548	159 
8549	64 
8550	134 
8551	4 
8552	182 
8553	68 
8554	189 
8555	184 
8556	127 
8557	57 
8558	82 
8559	143 
8560	9 
8561	193 
8562	209 
8563	138 
8564	79 
8565	97 
8566	207 
8567	35 
8568	109 
8569	60 
8570	30 
8571	207 
8572	183 
8573	17 
8574	12 
8575	127 
8576	176 
8577	110 
8578	83 
8579	48 
8580	99 
8581	90 
8582	211 
8583	112 
8584	212 
8585	45 
8586	47 
8587	180 
8588	68 
8589	200 
8590	66 
8591	66 
8592	161 
8593	60 
8594	46 
8595	168 
8596	60 
8597	87 
8598	201 
8599	128 
8600	45 
8601	160 
8602	38 
8603	59 
8604	23 
8605	128 
8606	143 
8607	177 
8608	40 
8609	209 
8610	111 
8611	35 
8612	191 
8613	14 
8614	88 
8615	163 
8616	133 
8617	122 
8618	157 
8619	184 
8620	78 
8621	210 
8622	141 
8623	26 
8624	150 
8625	166 
8626	162 
8627	208 
8628	177 
8629	204 
8630	154 
8631	103 
8632	132 
8633	89 
8634	53 
8635	198 
8636	71 
8637	100 
8638	13 
8639	197 
8640	44 
8641	113 
8642	36 
8643	25 
8644	15 
8645	99 
8646	156 
8647	37 
8648	106 
8649	113 
8650	81 
8651	55 
8652	199 
8653	10 
8654	179 
8655	5 
8656	31 
8657	42 
8658	189 
8659	87 
8660	181 
8661	50 
8662	186 
8663	207 
8664	92 
8665	21 
8666	10 
8667	84 
8668	57 
8669	19 
8670	147 
8671	214 
8672	139 
8673	125 
8674	70 
8675	41 
8676	141 
8677	5 
8678	133 
8679	183 
8680	115 
8681	139 
8682	180 
8683	175 
8684	183 
8685	143 
8686	132 
8687	33 
8688	51 
8689	208 
8690	4 
8691	138 
8692	151 
8693	31 
8694	152 
8695	112 
8696	125 
8697	28 
8698	3 
8699	126 
8700	98 
8701	196 
8702	194 
8703	107 
8704	150 
8705	169 
8706	9 
8707	62 
8708	154 
8709	126 
8710	212 
8711	66 
8712	91 
8713	175 
8714	105 
8715	30 
8716	99 
8717	166 
8718	214 
8719	134 
8720	199 
8721	135 
8722	2 
8723	7 
8724	8 
8725	115 
8726	188 
8727	163 
8728	191 
8729	184 
8730	108 
8731	89 
8732	191 
8733	4 
8734	202 
8735	65 
8736	55 
8737	28 
8738	81 
8739	118 
8740	92 
8741	44 
8742	46 
8743	41 
8744	57 
8745	192 
8746	23 
8747	146 
8748	129 
8749	192 
8750	72 
8751	125 
8752	92 
8753	171 
8754	132 
8755	84 
8756	15 
8757	75 
8758	74 
8759	16 
8760	15 
8761	102 
8762	135 
8763	182 
8764	106 
8765	143 
8766	215 
8767	74 
8768	151 
8769	26 
8770	126 
8771	110 
8772	113 
8773	45 
8774	166 
8775	152 
8776	62 
8777	118 
8778	164 
8779	21 
8780	81 
8781	92 
8782	28 
8783	156 
8784	194 
8785	145 
8786	141 
8787	212 
8788	82 
8789	128 
8790	192 
8791	6 
8792	142 
8793	97 
8794	131 
8795	36 
8796	215 
8797	128 
8798	184 
8799	33 
8800	84 
8801	118 
8802	209 
8803	48 
8804	71 
8805	2 
8806	61 
8807	66 
8808	152 
8809	151 
8810	33 
8811	39 
8812	90 
8813	186 
8814	90 
8815	41 
8816	106 
8817	49 
8818	212 
8819	6 
8820	212 
8821	77 
8822	33 
8823	64 
8824	1 
8825	199 
8826	83 
8827	113 
8828	191 
8829	80 
8830	178 
8831	41 
8832	164 
8833	140 
8834	11 
8835	90 
8836	186 
8837	207 
8838	184 
8839	138 
8840	60 
8841	124 
8842	48 
8843	190 
8844	150 
8845	105 
8846	149 
8847	133 
8848	129 
8849	98 
8850	138 
8851	132 
8852	50 
8853	87 
8854	112 
8855	79 
8856	50 
8857	196 
8858	160 
8859	45 
8860	135 
8861	147 
8862	189 
8863	93 
8864	132 
8865	52 
8866	82 
8867	213 
8868	57 
8869	175 
8870	9 
8871	23 
8872	79 
8873	143 
8874	134 
8875	77 
8876	167 
8877	37 
8878	71 
8879	62 
8880	80 
8881	134 
8882	212 
8883	103 
8884	75 
8885	81 
8886	159 
8887	7 
8888	74 
8889	6 
8890	151 
8891	102 
8892	23 
8893	68 
8894	57 
8895	146 
8896	159 
8897	151 
8898	7 
8899	156 
8900	37 
8901	193 
8902	138 
8903	113 
8904	18 
8905	107 
8906	161 
8907	133 
8908	182 
8909	48 
8910	33 
8911	106 
8912	84 
8913	5 
8914	128 
8915	77 
8916	113 
8917	34 
8918	79 
8919	46 
8920	44 
8921	85 
8922	49 
8923	157 
8924	91 
8925	119 
8926	138 
8927	58 
8928	198 
8929	196 
8930	202 
8931	39 
8932	193 
8933	213 
8934	163 
8935	33 
8936	38 
8937	104 
8938	141 
8939	66 
8940	35 
8941	139 
8942	53 
8943	156 
8944	129 
8945	180 
8946	160 
8947	12 
8948	79 
8949	129 
8950	179 
8951	102 
8952	62 
8953	215 
8954	26 
8955	5 
8956	178 
8957	211 
8958	12 
8959	34 
8960	182 
8961	14 
8962	95 
8963	166 
8964	50 
8965	147 
8966	39 
8967	130 
8968	76 
8969	200 
8970	202 
8971	186 
8972	132 
8973	126 
8974	163 
8975	117 
8976	128 
8977	37 
8978	181 
8979	53 
8980	95 
8981	125 
8982	80 
8983	74 
8984	121 
8985	137 
8986	56 
8987	7 
8988	128 
8989	188 
8990	106 
8991	143 
8992	159 
8993	127 
8994	41 
8995	83 
8996	15 
8997	201 
8998	95 
8999	156 
9000	112 
