1	231
1	923
1	959
1	993
2	721
2	949
2	975
2	993
3	865
3	947
3	956
3	990
4	253
4	789
4	905
4	944
5	8
5	855
5	870
5	972
6	671
6	800
6	935
6	965
7	630
7	645
7	859
7	991
8	5
8	366
8	509
8	971
9	100
9	614
9	734
9	966
10	514
10	538
10	971
10	994
11	318
11	740
11	964
11	976
12	283
12	534
12	827
12	887
13	588
13	950
13	966
13	979
14	230
14	470
14	950
14	966
15	71
15	580
15	859
15	913
16	90
16	587
16	926
16	983
17	286
17	939
17	983
17	989
18	715
18	837
18	911
18	992
19	410
19	697
19	846
19	983
20	47
20	301
20	319
20	990
21	856
21	877
21	932
21	969
22	408
22	640
22	935
22	951
23	403
23	696
23	718
23	912
24	627
24	909
24	918
24	971
25	248
25	421
25	957
25	989
26	175
26	228
26	233
26	969
27	530
27	639
27	795
27	935
28	691
28	778
28	787
28	873
29	511
29	720
29	834
29	1000
30	560
30	719
30	729
30	856
31	547
31	589
31	877
31	969
32	693
32	888
32	908
32	957
33	142
33	588
33	801
33	925
34	589
34	642
34	748
34	969
35	404
35	761
35	806
35	967
36	904
36	918
36	972
36	997
37	299
37	451
37	921
37	997
38	422
38	815
38	875
38	971
39	813
39	836
39	868
39	882
40	722
40	763
40	987
40	996
41	72
41	669
41	897
41	970
42	510
42	697
42	754
42	848
43	251
43	880
43	904
43	996
44	296
44	950
44	966
44	999
45	135
45	521
45	735
45	791
46	427
46	657
46	820
46	987
47	20
47	272
47	419
47	959
48	207
48	472
48	500
48	645
49	437
49	592
49	720
49	970
50	402
50	800
50	804
50	954
51	964
51	985
51	989
51	993
52	442
52	460
52	737
52	998
53	478
53	504
53	970
53	981
54	680
54	793
54	853
54	998
55	759
55	890
55	915
55	955
56	484
56	739
56	898
56	989
57	550
57	771
57	884
57	924
58	260
58	950
58	952
58	962
59	262
59	779
59	810
59	974
60	661
60	863
60	922
60	954
61	170
61	429
61	974
61	994
62	800
62	923
62	959
62	978
63	223
63	491
63	564
63	986
64	618
64	849
64	905
64	922
65	100
65	483
65	968
65	979
66	572
66	588
66	975
66	984
67	407
67	487
67	957
67	966
68	184
68	415
68	891
68	932
69	506
69	793
69	929
69	998
70	140
70	865
70	871
70	947
71	15
71	833
71	879
71	991
72	41
72	570
72	718
72	981
73	392
73	857
73	975
73	984
74	717
74	876
74	967
74	990
75	723
75	919
75	988
75	997
76	579
76	819
76	860
76	1000
77	408
77	704
77	958
77	973
78	580
78	630
78	746
78	847
79	676
79	844
79	933
79	959
80	660
80	774
80	892
80	939
81	299
81	631
81	862
81	940
82	619
82	785
82	862
82	926
83	165
83	212
83	535
83	890
84	685
84	914
84	922
84	994
85	777
85	925
85	968
85	977
86	868
86	897
86	916
86	985
87	753
87	947
87	990
87	995
88	694
88	883
88	897
88	960
89	477
89	713
89	958
89	973
90	16
90	356
90	534
90	852
91	361
91	585
91	900
91	980
92	169
92	891
92	914
92	968
93	644
93	760
93	927
93	997
94	139
94	855
94	862
94	926
95	501
95	719
95	856
95	969
96	676
96	757
96	943
96	992
97	117
97	723
97	819
97	988
98	197
98	782
98	890
98	982
99	765
99	845
99	886
99	950
100	9
100	65
100	968
100	979
101	700
101	863
101	885
101	931
102	597
102	728
102	903
102	980
103	401
103	771
103	860
103	977
104	740
104	908
104	985
104	993
105	434
105	732
105	898
105	943
106	309
106	347
106	987
106	996
107	700
107	811
107	928
107	998
108	393
108	928
108	931
108	998
109	400
109	576
109	714
109	879
110	775
110	927
110	971
110	989
111	685
111	891
111	924
111	942
112	550
112	866
112	951
112	958
113	244
113	897
113	971
113	997
114	498
114	822
114	867
114	960
115	540
115	660
115	780
115	893
116	468
116	802
116	862
116	981
117	97
117	637
117	904
117	965
118	326
118	556
118	662
118	917
119	272
119	680
119	767
119	822
120	467
120	544
120	867
120	965
121	513
121	751
121	835
121	960
122	672
122	746
122	826
122	984
123	168
123	741
123	906
123	998
124	748
124	893
124	932
124	937
125	720
125	860
125	884
125	963
126	585
126	666
126	765
126	916
127	814
127	830
127	873
127	954
128	186
128	917
128	971
128	986
129	433
129	974
129	994
129	1000
130	678
130	893
130	899
130	986
131	390
131	876
131	883
131	930
132	782
132	826
132	949
132	984
133	652
133	782
133	949
133	984
134	624
134	648
134	707
134	905
135	45
135	700
135	708
135	995
136	692
136	787
136	796
136	863
137	366
137	444
137	953
137	973
138	883
138	962
138	966
138	979
139	94
139	607
139	763
139	855
140	70
140	226
140	519
140	967
141	285
141	711
141	718
141	980
142	33
142	264
142	519
142	996
143	216
143	316
143	914
143	1000
144	872
144	933
144	964
144	985
145	888
145	927
145	970
145	971
146	559
146	728
146	813
146	836
147	246
147	841
147	983
147	989
148	567
148	804
148	879
148	930
149	539
149	804
149	833
149	991
150	261
150	478
150	525
150	898
151	482
151	778
151	959
151	976
152	566
152	643
152	941
152	999
153	565
153	833
153	878
153	992
154	161
154	392
154	623
154	975
155	632
155	963
155	994
155	1000
156	411
156	727
156	786
156	887
157	678
157	758
157	799
157	957
158	705
158	817
158	922
158	944
159	289
159	331
159	539
159	991
160	687
160	713
160	743
160	991
161	154
161	844
161	949
161	984
162	928
162	931
162	992
162	998
163	271
163	507
163	684
163	806
164	335
164	789
164	863
164	999
165	83
165	890
165	915
165	982
166	585
166	654
166	741
166	985
167	231
167	657
167	978
167	985
168	123
168	695
168	700
168	929
169	92
169	963
169	974
169	1000
170	61
170	839
170	860
170	994
171	815
171	888
171	918
171	971
172	775
172	881
172	944
172	954
173	786
173	887
173	925
173	940
174	959
174	964
174	978
174	993
175	26
175	250
175	937
175	969
176	765
176	854
176	868
176	970
177	587
177	628
177	786
177	823
178	218
178	938
178	946
178	988
179	588
179	703
179	720
179	966
180	392
180	562
180	638
180	984
181	385
181	847
181	857
181	984
182	354
182	362
182	553
182	989
183	654
183	756
183	946
183	999
184	68
184	829
184	937
184	968
185	884
185	891
185	994
185	1000
186	128
186	832
186	872
186	892
187	889
187	896
187	917
187	986
188	510
188	856
188	937
188	969
189	817
189	890
189	915
189	982
190	832
190	841
190	987
190	996
191	238
191	406
191	548
191	970
192	740
192	870
192	933
192	978
193	667
193	938
193	988
193	999
194	449
194	559
194	693
194	813
195	404
195	750
195	890
195	982
196	216
196	797
196	973
196	977
197	98
197	679
197	912
197	915
198	657
198	689
198	910
198	987
199	224
199	679
199	761
199	982
200	302
200	838
200	880
200	996
201	587
201	658
201	794
201	981
202	744
202	876
202	883
202	929
203	809
203	852
203	882
203	957
204	643
204	938
204	946
204	958
205	598
205	768
205	930
205	978
206	768
206	883
206	889
206	998
207	48
207	833
207	859
207	963
208	529
208	879
208	913
208	966
209	658
209	868
209	904
209	981
210	661
210	844
210	959
210	993
211	281
211	413
211	658
211	996
212	83
212	228
212	587
212	752
213	782
213	941
213	975
213	984
214	235
214	637
214	710
214	958
215	770
215	851
215	985
215	993
216	143
216	196
216	942
216	974
217	612
217	768
217	843
217	930
218	178
218	590
218	899
218	988
218	999
219	714
219	807
219	808
219	972
219	997
220	389
220	877
220	932
220	953
220	969
221	727
221	821
221	823
221	855
221	940
222	716
222	870
222	947
222	971
222	997
223	63
223	788
223	892
223	893
223	986
224	199
224	577
224	829
224	915
224	982
225	555
225	774
225	872
225	874
225	899
226	140
226	708
226	850
226	947
226	995
227	420
227	774
227	778
227	789
227	792
228	26
228	212
228	730
228	926
228	940
229	507
229	730
229	790
229	807
229	862
230	14
230	301
230	319
230	653
230	680
231	1
231	167
231	543
231	985
231	993
232	353
232	611
232	934
232	961
232	992
233	26
233	445
233	609
233	937
233	969
234	446
234	564
234	662
234	874
234	986
235	214
235	659
235	685
235	963
235	994
236	774
236	872
236	917
236	974
236	986
237	401
237	664
237	671
237	920
237	940
238	191
238	916
238	924
238	970
238	981
239	281
239	719
239	762
239	910
239	987
240	589
240	877
240	932
240	937
240	945
241	267
241	762
241	953
241	955
241	973
242	760
242	766
242	967
242	971
242	997
243	709
243	765
243	935
243	970
243	981
244	113
244	509
244	889
244	927
244	997
245	741
245	837
245	911
245	934
245	961
246	147
246	904
246	953
246	965
246	973
247	395
247	652
247	893
247	898
247	986
248	25
248	382
248	697
248	770
248	939
249	731
249	891
249	928
249	929
249	998
250	175
250	302
250	605
250	824
250	996
251	43
251	880
251	899
251	987
251	996
252	482
252	760
252	927
252	972
252	997
253	4
253	325
253	373
253	400
253	833
254	535
254	721
254	949
254	975
254	984
255	517
255	529
255	630
255	913
255	924
256	352
256	919
256	938
256	941
256	999
257	512
257	601
257	802
257	897
257	981
258	288
258	644
258	936
258	943
258	992
259	603
259	735
259	775
259	977
259	1000
260	58
260	495
260	886
260	925
260	968
261	150
261	672
261	709
261	939
261	983
262	59
262	339
262	772
262	834
262	914
263	570
263	854
263	868
263	916
263	928
264	142
264	374
264	629
264	832
264	996
265	773
265	873
265	907
265	934
265	943
266	292
266	426
266	461
266	618
266	1000
267	241
267	681
267	866
267	905
267	955
268	619
268	635
268	820
268	926
268	945
269	805
269	816
269	878
269	907
269	992
270	391
270	764
270	947
270	990
270	995
271	163
271	356
271	920
271	926
271	957
272	47
272	119
272	512
272	564
272	653
273	634
273	683
273	712
273	923
273	985
274	423
274	785
274	947
274	990
274	995
275	774
275	857
275	893
275	917
275	986
276	753
276	761
276	818
276	890
276	961
277	850
277	870
277	927
277	971
277	972
278	606
278	684
278	786
278	827
278	920
279	288
279	638
279	781
279	865
279	918
280	644
280	883
280	943
280	961
280	992
281	211
281	239
281	880
281	885
281	987
282	587
282	619
282	855
282	945
282	990
283	12
283	468
283	507
283	537
283	945
284	449
284	793
284	853
284	894
284	998
285	141
285	492
285	884
285	994
285	1000
286	17
286	820
286	824
286	987
286	996
287	710
287	717
287	821
287	951
287	958
288	258
288	279
288	788
288	990
288	995
289	159
289	343
289	634
289	913
289	991
290	399
290	409
290	753
290	855
290	982
291	583
291	633
291	668
291	803
291	939
292	266
292	383
292	544
292	584
292	902
293	570
293	747
293	850
293	916
293	970
294	362
294	796
294	948
294	962
294	980
295	407
295	809
295	813
295	927
295	957
296	44
296	622
296	966
296	968
296	979
297	671
297	709
297	747
297	868
297	970
298	385
298	947
298	949
298	975
298	984
299	37
299	81
299	971
299	972
299	997
300	452
300	577
300	759
300	915
300	945
301	20
301	230
301	528
301	618
301	729
302	200
302	250
302	746
302	880
302	996
303	531
303	823
303	855
303	868
303	945
304	829
304	932
304	937
304	969
304	985
305	581
305	635
305	705
305	790
305	855
306	506
306	923
306	965
306	985
306	993
307	591
307	807
307	812
307	956
307	990
308	589
308	628
308	688
308	757
308	864
309	106
309	791
309	820
309	910
309	987
310	482
310	899
310	933
310	976
310	985
311	711
311	783
311	903
311	943
311	980
312	361
312	413
312	474
312	657
312	996
313	711
313	728
313	804
313	900
313	980
314	678
314	743
314	799
314	809
314	957
315	775
315	875
315	972
315	997
315	1000
316	143
316	651
316	956
316	967
316	990
317	718
317	842
317	895
317	912
317	980
318	11
318	690
318	813
318	836
318	908
319	20
319	230
319	515
319	729
319	867
320	571
320	783
320	879
320	991
320	995
321	731
321	885
321	929
321	964
321	998
322	626
322	918
322	952
322	962
322	968
323	449
323	573
323	731
323	894
323	929
324	634
324	724
324	888
324	923
324	993
325	253
325	419
325	743
325	783
325	991
326	118
326	333
326	612
326	835
326	986
327	687
327	694
327	701
327	930
327	955
328	837
328	911
328	926
328	961
328	992
329	571
329	645
329	743
329	987
329	991
330	865
330	956
330	967
330	976
330	995
331	159
331	363
331	539
331	833
331	913
332	885
332	893
332	906
332	931
332	998
333	326
333	396
333	564
333	899
333	905
334	464
334	929
334	931
334	959
334	998
335	164
335	661
335	873
335	905
335	968
336	595
336	796
336	866
336	948
336	968
337	872
337	875
337	892
337	917
337	986
338	601
338	658
338	897
338	969
338	970
339	262
339	776
339	858
339	967
339	990
340	935
340	949
340	953
340	965
340	973
341	395
341	410
341	633
341	668
341	989
342	416
342	417
342	589
342	615
342	846
343	289
343	489
343	831
343	913
343	991
344	404
344	711
344	900
344	903
344	912
345	423
345	695
345	903
345	928
345	929
346	618
346	729
346	822
346	867
346	918
347	106
347	395
347	612
347	893
347	986
348	436
348	753
348	761
348	818
348	982
349	733
349	904
349	934
349	965
349	973
350	522
350	622
350	853
350	906
350	998
351	533
351	636
351	817
351	898
351	939
352	256
352	681
352	710
352	734
352	951
353	232
353	659
353	942
353	977
353	1000
354	182
354	729
354	848
354	983
354	989
355	454
355	791
355	801
355	952
355	968
356	90
356	271
356	735
356	926
356	940
357	633
357	772
357	848
357	898
357	939
358	385
358	721
358	847
358	857
358	975
359	563
359	906
359	964
359	976
359	978
360	626
360	730
360	925
360	950
360	968
361	91
361	312
361	432
361	895
361	912
362	182
362	294
362	367
362	886
362	950
363	331
363	878
363	907
363	943
363	992
364	527
364	567
364	687
364	744
364	769
365	633
365	844
365	851
365	978
365	993
366	8
366	137
366	725
366	965
366	973
367	362
367	767
367	789
367	925
367	968
368	486
368	553
368	812
368	911
368	983
369	614
369	742
369	850
369	948
369	982
370	688
370	779
370	856
370	932
370	969
371	427
371	602
371	689
371	987
371	996
372	918
372	921
372	927
372	971
372	994
373	253
373	575
373	700
373	831
373	991
374	264
374	453
374	845
374	962
374	979
375	417
375	964
375	976
375	978
375	985
376	738
376	826
376	847
376	975
376	984
377	483
377	949
377	975
377	984
377	991
378	692
378	800
378	830
378	905
378	930
379	489
379	951
379	955
379	973
379	989
380	678
380	693
380	749
380	809
380	882
381	800
381	885
381	929
381	931
381	998
382	248
382	749
382	791
382	798
382	995
383	292
383	461
383	498
383	647
383	726
384	663
384	782
384	826
384	960
384	975
385	181
385	298
385	358
385	904
385	949
386	698
386	830
386	949
386	975
386	984
387	696
387	933
387	959
387	964
387	985
388	409
388	497
388	535
388	561
388	963
388	982
389	220
389	503
389	505
389	748
389	953
389	969
390	131
390	496
390	548
390	551
390	582
390	960
391	270
391	554
391	660
391	892
391	896
391	899
392	73
392	154
392	180
392	455
392	563
392	949
393	108
393	695
393	853
393	906
393	951
393	998
394	499
394	799
394	813
394	836
394	842
394	979
395	247
395	341
395	347
395	842
395	872
395	896
396	333
396	787
396	874
396	896
396	899
396	986
397	424
397	474
397	791
397	858
397	947
397	967
398	400
398	456
398	493
398	630
398	645
398	991
399	290
399	561
399	673
399	726
399	883
399	890
400	109
400	253
400	398
400	546
400	879
400	991
401	103
401	237
401	664
401	783
401	814
401	823
402	50
402	800
402	917
402	922
402	948
402	954
403	23
403	641
403	705
403	906
403	914
403	977
404	35
404	195
404	344
404	726
404	806
404	982
405	613
405	838
405	959
405	964
405	976
405	982
406	191
406	471
406	570
406	698
406	709
406	747
407	67
407	295
407	751
407	758
407	842
407	957
408	22
408	77
408	533
408	681
408	953
408	973
409	290
409	388
409	535
409	679
409	682
409	982
410	19
410	341
410	416
410	898
410	919
410	989
411	156
411	426
411	544
411	547
411	653
411	867
412	454
412	621
412	950
412	952
412	966
412	983
413	211
413	312
413	490
413	657
413	820
413	996
414	660
414	785
414	858
414	956
414	967
414	995
415	68
415	595
415	600
415	628
415	937
415	969
416	342
416	410
416	633
416	812
416	898
416	982
417	342
417	375
417	510
417	543
417	672
417	989
418	454
418	845
418	858
418	864
418	919
418	952
419	47
419	325
419	544
419	686
419	729
419	822
420	227
420	745
420	800
420	808
420	944
420	954
421	25
421	484
421	662
421	812
421	841
421	989
422	38
422	646
422	848
422	939
422	983
422	989
423	274
423	345
423	793
423	894
423	931
423	998
424	397
424	851
424	964
424	976
424	978
424	985
425	639
425	725
425	747
425	951
425	958
425	973
426	266
426	411
426	498
426	512
426	584
426	991
427	46
427	371
427	516
427	549
427	987
427	996
428	727
428	752
428	786
428	823
428	828
428	988
429	61
429	685
429	748
429	834
429	974
429	1000
430	599
430	620
430	895
430	900
430	980
430	992
431	432
431	473
431	534
431	895
431	903
431	980
432	361
432	431
432	682
432	895
432	959
432	980
433	129
433	575
433	783
433	831
433	913
433	991
434	105
434	636
434	846
434	939
434	975
434	989
435	567
435	707
435	758
435	809
435	908
435	957
436	348
436	733
436	866
436	951
436	965
436	973
437	49
437	658
437	666
437	823
437	916
437	981
438	606
438	793
438	894
438	928
438	931
438	957
439	724
439	933
439	976
439	978
439	984
439	993
440	758
440	803
440	878
440	936
440	943
440	992
441	837
441	846
441	907
441	934
441	961
441	992
442	52
442	620
442	731
442	928
442	929
442	931
443	639
443	739
443	763
443	880
443	987
443	996
444	137
444	508
444	585
444	643
444	656
444	677
445	233
445	688
445	820
445	829
445	877
445	937
446	234
446	528
446	596
446	825
446	955
446	973
447	608
447	816
447	907
447	911
447	961
447	992
448	621
448	767
448	948
448	950
448	952
448	993
449	194
449	284
449	323
449	894
449	906
449	998
450	649
450	684
450	694
450	843
450	883
450	960
451	37
451	892
451	893
451	896
451	917
451	986
452	300
452	535
452	806
452	915
452	982
452	991
453	374
453	811
453	864
453	890
453	966
453	968
454	355
454	412
454	418
454	864
454	948
454	973
455	392
455	744
455	782
455	949
455	975
455	984
456	398
456	536
456	713
456	831
456	887
456	991
457	525
457	732
457	812
457	900
457	983
457	989
458	502
458	864
458	952
458	962
458	964
458	979
459	704
459	902
459	912
459	941
459	946
459	999
460	52
460	750
460	764
460	956
460	967
460	995
461	266
461	383
461	584
461	822
461	867
461	933
462	661
462	863
462	881
462	903
462	944
462	954
463	465
463	495
463	598
463	901
463	930
463	960
464	334
464	574
464	606
464	929
464	931
464	998
465	463
465	560
465	829
465	931
465	932
465	937
466	570
466	586
466	840
466	938
466	988
466	999
467	120
467	547
467	553
467	653
467	729
467	867
468	116
468	283
468	794
468	802
468	854
468	916
469	669
469	731
469	793
469	929
469	931
469	998
470	14
470	777
470	917
470	937
470	968
470	979
471	406
471	709
471	790
471	897
471	916
471	970
472	48
472	571
472	713
472	902
472	913
472	991
473	431
473	516
473	895
473	912
473	974
473	980
474	312
474	397
474	689
474	910
474	970
474	987
475	772
475	914
475	963
475	977
475	994
475	999
476	608
476	707
476	799
476	813
476	901
476	908
477	89
477	493
477	904
477	953
477	965
477	997
478	53
478	150
478	794
478	802
478	970
478	981
479	706
479	895
479	900
479	912
479	970
479	980
480	608
480	695
480	760
480	842
480	882
480	957
481	531
481	682
481	728
481	779
481	900
481	980
482	151
482	252
482	310
482	976
482	985
482	993
483	65
483	377
483	698
483	949
483	975
483	984
484	56
484	421
484	525
484	861
484	909
484	939
485	494
485	808
485	923
485	971
485	972
485	997
486	368
486	553
486	571
486	633
486	655
486	722
487	67
487	608
487	667
487	836
487	908
487	934
488	531
488	629
488	669
488	822
488	828
488	945
489	343
489	379
489	836
489	951
489	953
489	955
490	413
490	666
490	794
490	854
490	868
490	916
491	63
491	582
491	731
491	933
491	959
491	976
492	285
492	625
492	860
492	868
492	977
492	1000
493	398
493	477
493	953
493	958
493	965
493	973
494	485
494	808
494	921
494	947
494	972
494	997
495	260
495	463
495	515
495	552
495	649
495	930
496	390
496	598
496	670
496	701
496	744
496	804
497	388
497	673
497	753
497	759
497	806
497	872
497	982
498	114
498	383
498	426
498	595
498	686
498	822
498	983
499	394
499	690
499	842
499	882
499	899
499	908
499	957
500	48
500	785
500	870
500	875
500	909
500	972
500	997
501	95
501	902
501	938
501	941
501	946
501	988
501	999
502	458
502	773
502	907
502	911
502	934
502	936
502	992
503	389
503	719
503	757
503	856
503	858
503	932
503	969
504	53
504	704
504	919
504	939
504	941
504	988
504	999
505	389
505	560
505	757
505	829
505	932
505	937
505	969
506	69
506	306
506	933
506	964
506	985
506	993
506	1000
507	163
507	229
507	283
507	814
507	920
507	940
507	984
508	444
508	604
508	704
508	726
508	941
508	961
508	988
509	8
509	244
509	677
509	766
509	875
509	972
509	997
510	42
510	188
510	417
510	702
510	812
510	848
510	989
511	29
511	837
511	924
511	934
511	963
511	974
511	1000
512	257
512	272
512	426
512	547
512	618
512	822
512	867
513	121
513	567
513	706
513	751
513	852
513	889
513	901
514	10
514	641
514	772
514	834
514	875
514	974
514	977
515	319
515	495
515	769
515	839
515	843
515	889
515	960
516	427
516	473
516	682
516	706
516	779
516	903
516	980
517	255
517	782
517	831
517	833
517	859
517	963
517	991
518	665
518	691
518	745
518	787
518	800
518	881
518	922
519	140
519	142
519	820
519	824
519	832
519	910
519	987
520	592
520	868
520	881
520	916
520	970
520	981
520	995
521	45
521	526
521	762
521	781
521	807
521	947
521	956
522	350
522	853
522	885
522	894
522	901
522	906
522	998
523	622
523	818
523	880
523	910
523	987
523	991
523	996
524	610
524	619
524	765
524	897
524	942
524	970
524	981
525	150
525	457
525	484
525	655
525	861
525	888
525	983
526	521
526	717
526	787
526	798
526	858
526	990
526	995
527	364
527	888
527	909
527	918
527	936
527	972
527	997
528	301
528	446
528	755
528	935
528	953
528	955
528	973
529	208
529	255
529	630
529	783
529	859
529	879
529	990
530	27
530	656
530	825
530	951
530	955
530	958
530	1000
531	303
531	481
531	488
531	607
531	752
531	823
531	920
532	758
532	836
532	842
532	908
532	957
532	959
532	986
533	351
533	408
533	553
533	655
533	841
533	861
533	922
534	12
534	90
534	431
534	594
534	887
534	926
534	960
535	83
535	254
535	388
535	409
535	452
535	915
535	982
536	456
536	543
536	702
536	770
536	913
536	939
536	983
537	283
537	635
537	790
537	806
537	814
537	828
537	887
538	10
538	810
538	924
538	962
538	963
538	974
538	994
539	149
539	159
539	331
539	864
539	879
539	976
539	991
540	115
540	564
540	612
540	896
540	899
540	972
540	986
541	750
541	856
541	858
541	956
541	967
541	990
541	995
542	732
542	747
542	770
542	841
542	898
542	983
542	989
543	231
543	417
543	536
543	633
543	841
543	848
543	983
544	120
544	292
544	411
544	419
544	822
544	884
544	1000
545	774
545	872
545	874
545	892
545	896
545	914
545	986
546	400
546	708
546	781
546	785
546	798
546	956
546	995
547	31
547	411
547	467
547	512
547	618
547	729
547	770
548	191
548	390
548	666
548	765
548	868
548	970
548	981
549	427
549	625
549	762
549	880
549	910
549	987
549	996
550	57
550	112
550	810
550	974
550	977
550	994
550	1000
551	390
551	683
551	689
551	715
551	769
551	839
551	960
552	495
552	609
552	649
552	813
552	852
552	901
552	960
553	182
553	368
553	467
553	486
553	533
553	668
553	702
554	391
554	791
554	892
554	896
554	917
554	956
554	986
555	225
555	580
555	721
555	847
555	857
555	949
555	984
556	118
556	612
556	629
556	662
556	874
556	893
556	986
557	902
557	921
557	938
557	941
557	988
557	996
557	999
558	738
558	905
558	909
558	927
558	971
558	988
558	997
559	146
559	194
559	805
559	809
559	842
559	937
559	996
560	30
560	465
560	505
560	590
560	719
560	877
560	932
561	388
561	399
561	577
561	640
561	818
561	890
561	982
562	180
562	580
562	607
562	782
562	847
562	975
562	985
563	359
563	392
563	923
563	964
563	976
563	985
563	993
564	63
564	234
564	272
564	333
564	540
564	652
564	986
565	153
565	623
565	646
565	702
565	943
565	961
565	992
566	152
566	677
566	794
566	902
566	938
566	946
566	988
567	148
567	364
567	435
567	513
567	715
567	754
567	930
568	599
568	706
568	779
568	912
568	951
568	961
568	980
569	708
569	750
569	791
569	967
569	990
569	995
569	999
570	72
570	263
570	293
570	406
570	466
570	970
570	981
571	320
571	329
571	472
571	486
571	576
571	783
571	991
572	66
572	663
572	757
572	826
572	857
572	975
572	984
573	323
573	613
573	964
573	976
573	978
573	985
573	993
574	464
574	636
574	668
574	672
574	861
574	983
574	989
575	373
575	433
575	831
575	833
575	859
575	913
575	993
576	109
576	571
576	743
576	802
576	833
576	854
576	913
577	224
577	300
577	561
577	645
577	806
577	915
577	982
578	624
578	661
578	691
578	792
578	863
578	895
578	944
579	76
579	603
579	871
579	924
579	942
579	955
579	974
580	15
580	78
580	555
580	562
580	663
580	857
580	984
581	305
581	669
581	790
581	828
581	862
581	863
581	945
582	390
582	491
582	673
582	740
582	784
582	923
582	964
582	985
583	291
583	615
583	770
583	838
583	861
583	975
583	983
583	989
584	292
584	426
584	461
584	680
584	686
584	822
584	867
584	941
585	91
585	126
585	166
585	444
585	647
585	938
585	988
585	999
586	466
586	654
586	663
586	919
586	941
586	946
586	988
586	999
587	16
587	177
587	201
587	212
587	282
587	727
587	786
587	945
588	13
588	33
588	66
588	179
588	801
588	962
588	979
588	987
589	31
589	34
589	240
589	308
589	342
589	600
589	877
589	927
590	218
590	560
590	604
590	741
590	819
590	941
590	988
590	999
591	307
591	746
591	749
591	764
591	791
591	956
591	990
591	995
592	49
592	520
592	601
592	610
592	658
592	718
592	897
592	981
593	784
593	808
593	838
593	959
593	976
593	978
593	985
593	993
594	534
594	684
594	761
594	823
594	828
594	862
594	945
594	974
595	336
595	415
595	498
595	650
595	850
595	948
595	962
595	966
596	446
596	637
596	640
596	904
596	953
596	958
596	965
596	974
597	102
597	669
597	707
597	827
597	828
597	862
597	940
597	945
598	205
598	463
598	496
598	715
598	865
598	876
598	901
598	960
599	430
599	568
599	718
599	728
599	730
599	878
599	895
599	980
600	415
600	589
600	719
600	877
600	937
600	953
600	958
600	969
601	257
601	338
601	592
601	638
601	765
601	824
601	970
601	981
602	371
602	642
602	697
602	840
602	919
602	946
602	988
602	999
603	259
603	579
603	867
603	914
603	924
603	963
603	977
603	1000
604	508
604	590
604	723
604	819
604	864
604	902
604	988
604	999
605	250
605	689
605	725
605	739
605	832
605	910
605	983
605	996
606	278
606	438
606	464
606	655
606	894
606	928
606	929
606	998
607	139
607	531
607	562
607	752
607	786
607	827
607	920
607	926
608	447
608	476
608	480
608	487
608	693
608	809
608	818
608	882
609	233
609	552
609	687
609	744
609	833
609	835
609	843
609	960
610	524
610	592
610	747
610	802
610	854
610	897
610	941
610	970
611	232
611	665
611	732
611	773
611	808
611	936
611	961
611	992
612	217
612	326
612	347
612	540
612	556
612	872
612	917
612	986
613	405
613	573
613	844
613	851
613	873
613	976
613	978
613	985
614	9
614	369
614	797
614	864
614	886
614	925
614	952
614	979
615	342
615	583
615	655
615	693
615	861
615	939
615	969
615	983
616	634
616	784
616	851
616	933
616	934
616	959
616	976
616	978
617	647
617	699
617	741
617	840
617	913
617	941
617	980
617	999
618	64
618	266
618	301
618	346
618	512
618	547
618	686
618	752
619	82
619	268
619	282
619	524
619	684
619	786
619	886
619	887
620	430
620	442
620	682
620	696
620	895
620	900
620	912
620	980
621	412
621	448
621	886
621	903
621	925
621	932
621	966
621	968
622	296
622	350
622	523
622	762
622	824
622	880
622	987
622	996
623	154
623	565
623	780
623	803
623	907
623	911
623	943
623	968
624	134
624	578
624	745
624	800
624	821
624	873
624	922
624	944
625	492
625	549
625	705
625	884
625	942
625	963
625	977
625	994
626	322
626	360
626	694
626	736
626	811
626	874
626	966
626	979
627	24
627	736
627	796
627	811
627	950
627	962
627	968
627	970
628	177
628	308
628	415
628	748
628	856
628	932
628	937
628	969
629	264
629	488
629	556
629	762
629	832
629	910
629	987
629	996
630	7
630	78
630	255
630	398
630	529
630	859
630	977
630	991
631	81
631	664
631	669
631	843
631	920
631	940
631	945
631	952
632	155
632	840
632	861
632	919
632	941
632	946
632	988
632	999
633	291
633	341
633	357
633	365
633	416
633	486
633	543
633	786
634	273
634	289
634	324
634	616
634	784
634	838
634	978
634	999
635	268
635	305
635	537
635	685
635	727
635	887
635	920
635	926
636	351
636	434
636	574
636	732
636	812
636	846
636	919
636	983
637	117
637	214
637	596
637	755
637	866
637	938
637	965
637	969
638	180
638	279
638	601
638	717
638	785
638	956
638	990
638	995
639	27
639	425
639	443
639	656
639	756
639	761
639	935
639	973
640	22
640	561
640	596
640	821
640	953
640	955
640	958
640	965
641	403
641	514
641	720
641	795
641	942
641	963
641	989
641	997
642	34
642	602
642	654
642	699
642	938
642	941
642	946
642	999
643	152
643	204
643	444
643	818
643	890
643	902
643	938
643	988
644	93
644	258
644	280
644	803
644	878
644	934
644	936
644	961
644	994
645	7
645	48
645	329
645	398
645	577
645	646
645	831
645	879
645	991
646	422
646	565
646	645
646	773
646	780
646	934
646	936
646	961
646	992
647	383
647	585
647	617
647	741
647	769
647	840
647	919
647	946
647	999
648	134
648	786
648	830
648	863
648	873
648	902
648	905
648	944
648	954
649	450
649	495
649	552
649	843
649	883
649	889
649	901
649	930
649	962
650	595
650	652
650	703
650	811
650	864
650	911
650	948
650	952
650	968
651	316
651	745
651	785
651	796
651	865
651	956
651	967
651	990
651	995
652	133
652	247
652	564
652	650
652	662
652	774
652	874
652	899
652	917
653	230
653	272
653	411
653	467
653	680
653	729
653	867
653	885
653	998
654	166
654	183
654	586
654	642
654	865
654	919
654	927
654	946
654	999
655	486
655	525
655	533
655	606
655	615
655	697
655	861
655	963
655	983
656	444
656	530
656	639
656	725
656	756
656	866
656	935
656	953
656	955
657	46
657	167
657	198
657	312
657	413
657	824
657	943
657	987
657	996
658	201
658	209
658	211
658	338
658	437
658	592
658	916
658	970
658	981
659	235
659	353
659	771
659	772
659	891
659	906
659	946
659	974
659	994
660	80
660	115
660	391
660	414
660	872
660	889
660	893
660	899
660	986
661	60
661	210
661	335
661	462
661	578
661	881
661	905
661	954
661	981
662	118
662	234
662	421
662	556
662	652
662	896
662	917
662	942
662	986
663	384
663	572
663	580
663	586
663	698
663	847
663	863
663	975
663	984
664	237
664	401
664	631
664	730
664	814
664	857
664	940
664	945
664	948
665	518
665	611
665	816
665	843
665	878
665	911
665	936
665	961
665	992
666	126
666	437
666	490
666	548
666	716
666	822
666	854
666	916
666	981
667	193
667	487
667	693
667	707
667	805
667	842
667	859
667	882
667	957
668	291
668	341
668	553
668	574
668	763
668	770
668	861
668	930
668	989
669	41
669	469
669	488
669	581
669	597
669	631
669	814
669	823
669	940
670	496
670	712
670	844
670	914
670	933
670	964
670	976
670	978
670	993
671	6
671	237
671	297
671	710
671	825
671	866
671	904
671	935
671	955
672	122
672	261
672	417
672	574
672	710
672	722
672	732
672	812
672	939
673	399
673	497
673	582
673	726
673	753
673	818
673	923
673	955
673	982
674	758
674	799
674	805
674	809
674	836
674	882
674	945
674	957
674	998
675	750
675	788
675	798
675	858
675	882
675	912
675	947
675	990
675	995
676	79
676	96
676	814
676	878
676	934
676	936
676	943
676	961
676	992
677	444
677	509
677	566
677	819
677	902
677	919
677	944
677	946
677	988
678	130
678	157
678	314
678	380
678	707
678	758
678	776
678	809
678	957
679	197
679	199
679	409
679	781
679	806
679	890
679	915
679	982
679	992
680	54
680	119
680	230
680	584
680	653
680	686
680	822
680	862
680	867
681	267
681	352
681	408
681	734
681	755
681	820
681	821
681	857
681	951
681	958
682	409
682	432
682	481
682	516
682	620
682	696
682	903
682	912
682	980
682	994
683	273
683	551
683	701
683	744
683	769
683	835
683	853
683	876
683	901
683	960
684	163
684	278
684	450
684	594
684	619
684	786
684	828
684	920
684	926
684	971
685	84
685	111
685	235
685	429
685	635
685	871
685	917
685	963
685	994
685	1000
686	419
686	498
686	584
686	618
686	680
686	729
686	767
686	822
686	834
686	867
687	160
687	327
687	364
687	609
687	751
687	801
687	839
687	852
687	889
687	930
688	308
688	370
688	445
688	829
688	856
688	877
688	882
688	925
688	932
688	969
689	198
689	371
689	474
689	551
689	605
689	774
689	820
689	824
689	987
689	996
690	318
690	499
690	758
690	805
690	813
690	833
690	836
690	908
690	957
690	977
691	28
691	518
691	578
691	740
691	778
691	830
691	881
691	944
691	954
691	976
692	136
692	378
692	755
692	778
692	817
692	873
692	905
692	922
692	954
692	980
693	32
693	194
693	380
693	608
693	615
693	667
693	805
693	842
693	908
693	979
694	88
694	327
694	450
694	626
694	736
694	768
694	835
694	852
694	889
694	960
695	168
695	345
695	393
695	480
695	740
695	793
695	885
695	906
695	931
695	998
696	23
696	387
696	620
696	682
696	728
696	895
696	903
696	912
696	980
696	986
697	19
697	42
697	248
697	602
697	655
697	722
697	766
697	812
697	841
697	939
698	386
698	406
698	483
698	663
698	746
698	826
698	949
698	956
698	975
698	984
699	617
699	642
699	840
699	886
699	919
699	938
699	941
699	962
699	988
699	999
700	101
700	107
700	135
700	168
700	373
700	793
700	928
700	929
700	931
700	998
701	327
701	496
701	683
701	715
701	835
701	843
701	852
701	867
701	876
701	987
702	510
702	536
702	553
702	565
702	722
702	841
702	939
702	983
702	988
702	989
703	179
703	650
703	811
703	845
703	864
703	925
703	951
703	961
703	962
703	979
704	77
704	459
704	504
704	508
704	819
704	902
704	907
704	919
704	988
704	999
705	158
705	305
705	403
705	625
705	720
705	869
705	942
705	963
705	994
705	1000
706	479
706	513
706	516
706	568
706	728
706	769
706	779
706	900
706	903
706	980
707	134
707	435
707	476
707	597
707	667
707	678
707	758
707	799
707	882
707	957
708	135
708	226
708	546
708	569
708	750
708	781
708	917
708	967
708	979
708	990
709	243
709	261
709	297
709	406
709	471
709	747
709	854
709	929
709	970
709	981
710	214
710	287
710	352
710	671
710	672
710	894
710	935
710	955
710	958
710	965
711	141
711	311
711	313
711	344
711	784
711	900
711	903
711	912
711	975
711	980
712	273
712	670
712	809
712	887
712	923
712	959
712	964
712	978
712	985
712	993
713	89
713	160
713	456
713	472
713	743
713	827
713	831
713	859
713	879
713	991
714	109
714	219
714	808
714	815
714	909
714	918
714	971
714	972
714	990
714	997
715	18
715	551
715	567
715	598
715	701
715	728
715	768
715	843
715	852
715	960
716	222
716	666
716	875
716	909
716	918
716	921
716	927
716	938
716	972
716	997
717	74
717	287
717	526
717	638
717	776
717	856
717	956
717	967
717	990
717	995
718	23
718	72
718	141
718	317
718	592
718	599
718	779
718	895
718	900
718	980
719	30
719	95
719	239
719	503
719	560
719	600
719	757
719	856
719	877
719	884
720	29
720	49
720	125
720	179
720	641
720	705
720	834
720	914
720	994
720	1000
721	2
721	254
721	358
721	555
721	746
721	787
721	826
721	857
721	949
721	992
722	40
722	486
722	672
722	697
722	702
722	743
722	812
722	846
722	898
722	989
723	75
723	97
723	604
723	819
723	903
723	938
723	941
723	946
723	985
723	999
724	324
724	439
724	754
724	828
724	838
724	844
724	933
724	959
724	976
724	993
725	366
725	425
725	605
725	656
725	756
725	904
725	934
725	951
725	955
725	965
726	383
726	399
726	404
726	508
726	673
726	759
726	806
726	818
726	915
726	982
727	156
727	221
727	428
727	587
727	635
727	892
727	926
727	936
727	940
727	945
728	102
728	146
728	313
728	481
728	599
728	696
728	706
728	715
728	779
728	900
728	903
729	30
729	301
729	319
729	346
729	354
729	419
729	467
729	547
729	653
729	686
729	867
730	228
730	229
730	360
730	599
730	664
730	823
730	827
730	828
730	855
730	920
730	940
731	249
731	321
731	323
731	442
731	469
731	491
731	853
731	906
731	923
731	928
731	998
732	105
732	457
732	542
732	611
732	636
732	672
732	733
732	846
732	867
732	983
732	989
733	349
733	436
733	732
733	734
733	825
733	866
733	901
733	935
733	953
733	958
733	973
734	9
734	352
734	681
734	733
734	821
734	904
734	951
734	953
734	958
734	965
734	975
735	45
735	259
735	356
735	772
735	869
735	871
735	884
735	924
735	942
735	977
735	1000
736	626
736	627
736	694
736	805
736	864
736	948
736	950
736	952
736	962
736	968
736	979
737	52
737	853
737	885
737	894
737	906
737	928
737	929
737	931
737	989
737	994
737	998
738	376
738	558
738	760
738	799
738	815
738	870
738	888
738	909
738	921
738	971
738	972
739	56
739	443
739	605
739	763
739	831
739	832
739	880
739	910
739	928
739	987
739	996
740	11
740	104
740	192
740	582
740	691
740	695
740	784
740	959
740	964
740	978
740	993
741	123
741	166
741	245
741	590
741	617
741	647
741	840
741	919
741	946
741	988
741	999
742	369
742	777
742	801
742	857
742	897
742	925
742	948
742	950
742	952
742	962
742	979
743	160
743	314
743	325
743	329
743	576
743	713
743	722
743	859
743	913
743	971
743	991
744	202
744	364
744	455
744	496
744	609
744	683
744	876
744	883
744	884
744	901
744	960
745	420
745	518
745	624
745	651
745	817
745	830
745	849
745	895
745	922
745	944
745	954
746	78
746	122
746	302
746	591
746	698
746	721
746	847
746	857
746	949
746	975
746	984
747	293
747	297
747	406
747	425
747	542
747	610
747	709
747	794
747	802
747	916
747	981
748	34
748	124
748	389
748	429
748	628
748	829
748	862
748	877
748	932
748	937
748	969
749	380
749	382
749	591
749	750
749	764
749	785
749	807
749	971
749	979
749	990
749	995
750	195
750	460
750	541
750	569
750	675
750	708
750	749
750	858
750	940
750	956
750	967
751	121
751	407
751	513
751	687
751	839
751	852
751	889
751	901
751	922
751	930
751	960
752	212
752	428
752	531
752	607
752	618
752	790
752	811
752	855
752	887
752	920
752	945
753	87
753	276
753	290
753	348
753	497
753	673
753	759
753	761
753	915
753	967
753	982
754	42
754	567
754	724
754	768
754	804
754	839
754	876
754	883
754	889
754	930
754	960
755	528
755	637
755	681
755	692
755	821
755	904
755	922
755	935
755	951
755	953
755	965
756	183
756	639
756	656
756	725
756	866
756	953
756	955
756	958
756	965
756	973
756	998
757	96
757	308
757	503
757	505
757	572
757	719
757	829
757	877
757	932
757	937
757	969
758	157
758	407
758	435
758	440
758	532
758	674
758	678
758	690
758	707
758	777
758	805
759	55
759	300
759	497
759	726
759	753
759	798
759	806
759	818
759	915
759	921
759	982
760	93
760	242
760	252
760	480
760	738
760	909
760	918
760	921
760	971
760	972
760	988
761	35
761	199
761	276
761	348
761	594
761	639
761	753
761	806
761	818
761	890
761	982
762	239
762	241
762	521
762	549
762	622
762	629
762	763
762	910
762	979
762	987
762	996
763	40
763	139
763	443
763	668
763	739
763	762
763	824
763	832
763	880
763	910
763	987
764	270
764	460
764	591
764	749
764	776
764	781
764	854
764	865
764	947
764	948
764	967
764	995
765	99
765	126
765	176
765	243
765	524
765	548
765	601
765	868
765	877
765	897
765	970
765	981
766	242
766	509
766	697
766	789
766	815
766	875
766	888
766	921
766	963
766	971
766	972
766	997
767	119
767	367
767	448
767	686
767	801
767	850
767	886
767	925
767	950
767	952
767	962
767	979
768	205
768	206
768	217
768	694
768	715
768	754
768	804
768	835
768	839
768	911
768	960
768	986
769	364
769	515
769	551
769	647
769	683
769	706
769	804
769	839
769	876
769	889
769	901
769	930
770	215
770	248
770	536
770	542
770	547
770	583
770	668
770	848
770	898
770	923
770	983
770	989
771	57
771	103
771	659
771	803
771	867
771	924
771	942
771	963
771	974
771	977
771	994
771	995
772	262
772	357
772	475
772	514
772	659
772	735
772	794
772	810
772	834
772	869
772	884
772	977
773	265
773	502
773	611
773	646
773	907
773	911
773	916
773	934
773	936
773	943
773	955
773	992
774	80
774	225
774	227
774	236
774	275
774	545
774	652
774	689
774	872
774	874
774	899
774	917
775	110
775	172
775	259
775	315
775	815
775	870
775	888
775	918
775	927
775	971
775	972
775	997
776	339
776	678
776	717
776	764
776	798
776	858
776	902
776	947
776	956
776	967
776	990
776	996
777	85
777	470
777	742
777	758
777	801
777	811
777	845
777	940
777	952
777	966
777	968
777	979
778	28
778	151
778	227
778	691
778	692
778	787
778	789
778	792
778	922
778	944
778	945
778	954
779	59
779	370
779	481
779	516
779	568
779	706
779	718
779	728
779	900
779	903
779	912
779	980
780	115
780	623
780	646
780	816
780	837
780	878
780	907
780	936
780	943
780	954
780	961
780	992
781	279
781	521
781	546
781	679
781	708
781	764
781	865
781	947
781	952
781	956
781	967
781	995
782	98
782	132
782	133
782	213
782	384
782	455
782	517
782	562
782	826
782	847
782	975
782	984
783	311
783	320
783	325
783	401
783	433
783	529
783	571
783	831
783	859
783	879
783	913
783	991
784	582
784	593
784	616
784	634
784	711
784	740
784	851
784	923
784	933
784	959
784	978
784	993
785	82
785	274
785	414
785	500
785	546
785	638
785	651
785	749
785	807
785	926
785	947
785	995
786	156
786	173
786	177
786	278
786	428
786	587
786	607
786	619
786	633
786	648
786	684
786	945
787	28
787	136
787	396
787	518
787	526
787	721
787	778
787	792
787	830
787	849
787	881
787	922
788	223
788	288
788	675
788	858
788	865
788	914
788	947
788	956
788	967
788	978
788	990
788	995
789	4
789	164
789	227
789	367
789	766
789	778
789	792
789	817
789	849
789	881
789	905
789	954
790	229
790	305
790	471
790	537
790	581
790	752
790	827
790	828
790	855
790	920
790	926
790	993
791	45
791	309
791	355
791	382
791	397
791	554
791	569
791	591
791	807
791	947
791	956
791	967
791	990
792	227
792	578
792	778
792	787
792	789
792	817
792	830
792	885
792	922
792	923
792	944
792	954
792	976
793	54
793	69
793	284
793	423
793	438
793	469
793	695
793	700
793	842
793	885
793	906
793	928
793	939
794	201
794	468
794	478
794	490
794	566
794	747
794	772
794	854
794	868
794	880
794	897
794	970
794	981
795	27
795	641
795	810
795	841
795	869
795	877
795	914
795	924
795	942
795	963
795	974
795	994
795	1000
796	136
796	294
796	336
796	627
796	651
796	864
796	925
796	931
796	950
796	962
796	966
796	968
796	979
797	196
797	614
797	871
797	884
797	914
797	915
797	924
797	942
797	963
797	974
797	977
797	994
797	1000
798	382
798	526
798	546
798	675
798	759
798	776
798	858
798	865
798	908
798	935
798	947
798	956
798	990
799	157
799	314
799	394
799	476
799	674
799	707
799	738
799	807
799	836
799	882
799	908
799	949
799	957
800	6
800	50
800	62
800	378
800	381
800	402
800	420
800	518
800	624
800	830
800	873
800	881
800	954
801	33
801	355
801	588
801	687
801	742
801	767
801	777
801	850
801	925
801	948
801	955
801	966
801	979
802	116
802	257
802	468
802	478
802	576
802	610
802	747
802	854
802	868
802	897
802	906
802	938
802	970
803	291
803	440
803	623
803	644
803	771
803	816
803	911
803	933
803	934
803	936
803	943
803	961
803	992
804	50
804	148
804	149
804	313
804	496
804	754
804	768
804	769
804	835
804	843
804	876
804	901
804	960
805	269
805	559
805	667
805	674
805	690
805	693
805	736
805	758
805	809
805	819
805	842
805	908
805	957
806	35
806	163
806	404
806	452
806	497
806	537
806	577
806	679
806	726
806	759
806	761
806	915
806	982
807	219
807	229
807	307
807	521
807	749
807	785
807	791
807	799
807	865
807	947
807	967
807	990
807	995
808	219
808	420
808	485
808	494
808	593
808	611
808	714
808	909
808	918
808	921
808	927
808	972
808	997
809	203
809	295
809	314
809	380
809	435
809	559
809	608
809	674
809	678
809	712
809	805
809	957
809	989
810	59
810	538
810	550
810	772
810	795
810	834
810	848
810	871
810	891
810	914
810	940
810	977
810	994
811	107
811	453
811	626
811	627
811	650
811	703
811	752
811	777
811	886
811	948
811	952
811	966
811	996
812	307
812	368
812	416
812	421
812	457
812	510
812	636
812	672
812	697
812	722
812	861
812	950
812	983
813	39
813	146
813	194
813	295
813	318
813	394
813	476
813	552
813	690
813	842
813	908
813	957
813	971
814	127
814	401
814	507
814	537
814	664
814	669
814	676
814	827
814	862
814	920
814	926
814	940
814	985
815	38
815	171
815	714
815	738
815	766
815	775
815	825
815	870
815	875
815	927
815	971
815	972
815	1000
816	269
816	447
816	665
816	780
816	803
816	828
816	878
816	907
816	934
816	943
816	950
816	961
816	992
817	158
817	189
817	351
817	692
817	745
817	789
817	792
817	849
817	873
817	905
817	922
817	954
817	959
818	276
818	348
818	523
818	561
818	608
818	643
818	673
818	726
818	759
818	761
818	890
818	915
818	982
819	76
819	97
819	590
819	604
819	677
819	704
819	723
819	805
819	902
819	938
819	941
819	983
819	988
819	999
820	46
820	268
820	286
820	309
820	413
820	445
820	519
820	681
820	689
820	824
820	832
820	910
820	987
820	996
821	221
821	287
821	624
821	640
821	681
821	734
821	755
821	825
821	935
821	951
821	953
821	955
821	973
821	974
822	114
822	119
822	346
822	419
822	461
822	488
822	498
822	512
822	544
822	584
822	666
822	680
822	686
822	837
823	177
823	221
823	303
823	401
823	428
823	437
823	531
823	594
823	669
823	730
823	827
823	862
823	935
823	940
824	250
824	286
824	519
824	601
824	622
824	657
824	689
824	763
824	820
824	859
824	880
824	986
824	987
824	996
825	446
825	530
825	671
825	733
825	815
825	821
825	886
825	904
825	932
825	935
825	951
825	953
825	955
825	958
826	122
826	132
826	376
826	384
826	572
826	698
826	721
826	782
826	857
826	869
826	947
826	949
826	975
826	984
827	12
827	278
827	597
827	607
827	713
827	730
827	790
827	814
827	823
827	887
827	926
827	938
827	940
827	962
828	428
828	488
828	537
828	581
828	594
828	597
828	684
828	724
828	730
828	790
828	816
828	920
828	940
828	972
829	184
829	224
829	304
829	445
829	465
829	505
829	688
829	748
829	757
829	913
829	932
829	937
829	952
829	969
830	127
830	378
830	386
830	648
830	691
830	745
830	787
830	792
830	800
830	849
830	863
830	909
830	940
830	944
831	343
831	373
831	433
831	456
831	517
831	575
831	645
831	713
831	739
831	783
831	913
831	969
831	980
831	991
832	186
832	190
832	264
832	519
832	605
832	629
832	739
832	763
832	820
832	839
832	880
832	910
832	988
832	996
833	71
833	149
833	153
833	207
833	253
833	331
833	517
833	575
833	576
833	609
833	690
833	879
833	913
833	991
834	29
834	262
834	429
834	514
834	686
834	720
834	772
834	810
834	869
834	920
834	930
834	963
834	974
834	994
835	121
835	326
835	609
835	683
835	694
835	701
835	768
835	804
835	839
835	841
835	843
835	876
835	889
835	960
835	967
836	39
836	146
836	318
836	394
836	487
836	489
836	532
836	674
836	690
836	799
836	882
836	908
836	920
836	931
836	957
837	18
837	245
837	328
837	441
837	511
837	780
837	822
837	856
837	878
837	911
837	934
837	936
837	943
837	961
837	992
838	200
838	405
838	583
838	593
838	634
838	724
838	851
838	874
838	923
838	959
838	964
838	976
838	978
838	985
838	993
839	170
839	515
839	551
839	687
839	751
839	754
839	768
839	769
839	832
839	835
839	852
839	889
839	930
839	960
839	998
840	466
840	602
840	617
840	632
840	647
840	699
840	741
840	883
840	938
840	941
840	946
840	953
840	988
840	996
840	999
841	147
841	190
841	421
841	533
841	542
841	543
841	697
841	702
841	795
841	835
841	846
841	898
841	939
841	983
841	989
842	317
842	394
842	395
842	407
842	480
842	499
842	532
842	559
842	667
842	693
842	793
842	805
842	813
842	882
842	908
843	217
843	450
843	515
843	609
843	631
843	649
843	665
843	701
843	715
843	804
843	835
843	852
843	876
843	930
843	993
844	79
844	161
844	210
844	365
844	613
844	670
844	724
844	851
844	923
844	959
844	967
844	978
844	983
844	985
844	993
845	99
845	374
845	418
845	703
845	777
845	850
845	864
845	941
845	952
845	962
845	966
845	968
845	979
845	983
845	993
846	19
846	342
846	434
846	441
846	636
846	722
846	732
846	841
846	848
846	898
846	939
846	952
846	954
846	983
846	989
847	78
847	181
847	358
847	376
847	555
847	562
847	663
847	746
847	782
847	871
847	880
847	936
847	949
847	975
847	984
848	42
848	354
848	357
848	422
848	510
848	543
848	770
848	810
848	846
848	866
848	898
848	939
848	983
848	984
848	989
849	64
849	745
849	787
849	789
849	817
849	830
849	863
849	881
849	905
849	922
849	936
849	944
849	954
849	961
849	964
850	226
850	277
850	293
850	369
850	595
850	767
850	801
850	845
850	864
850	886
850	948
850	950
850	966
850	968
850	979
851	215
851	365
851	424
851	613
851	616
851	784
851	838
851	844
851	852
851	933
851	964
851	965
851	976
851	978
851	992
851	993
852	90
852	203
852	513
852	552
852	687
852	694
852	701
852	715
852	751
852	839
852	843
852	851
852	883
852	889
852	901
852	960
853	54
853	284
853	350
853	393
853	522
853	683
853	731
853	737
853	885
853	894
853	906
853	928
853	931
853	937
853	978
853	998
854	176
854	263
854	468
854	490
854	576
854	610
854	666
854	709
854	764
854	794
854	802
854	868
854	897
854	916
854	951
854	973
855	5
855	94
855	139
855	221
855	282
855	290
855	303
855	305
855	730
855	752
855	790
855	887
855	926
855	940
855	945
855	958
856	21
856	30
856	95
856	188
856	370
856	503
856	541
856	628
856	688
856	717
856	719
856	837
856	877
856	932
856	937
856	969
857	73
857	181
857	275
857	358
857	555
857	572
857	580
857	664
857	681
857	721
857	742
857	746
857	826
857	949
857	975
857	984
858	339
858	397
858	414
858	418
858	503
858	526
858	541
858	675
858	750
858	776
858	788
858	798
858	879
858	947
858	967
858	995
859	7
859	15
859	207
859	517
859	529
859	575
859	630
859	667
859	713
859	743
859	783
859	824
859	879
859	913
859	927
859	991
860	76
860	103
860	125
860	170
860	492
860	869
860	871
860	892
860	924
860	942
860	950
860	974
860	977
860	994
860	999
860	1000
861	484
861	525
861	533
861	574
861	583
861	615
861	632
861	655
861	668
861	812
861	905
861	930
861	939
861	983
861	989
861	992
862	81
862	82
862	94
862	116
862	229
862	581
862	594
862	597
862	680
862	748
862	814
862	823
862	887
862	920
862	940
862	945
863	60
863	101
863	136
863	164
863	462
863	578
863	581
863	648
863	663
863	830
863	849
863	873
863	905
863	922
863	944
863	954
864	308
864	418
864	453
864	454
864	458
864	539
864	604
864	614
864	650
864	703
864	736
864	796
864	845
864	850
864	948
864	962
865	3
865	70
865	279
865	330
865	598
865	651
865	654
865	764
865	781
865	788
865	798
865	807
865	949
865	967
865	990
865	995
866	112
866	267
866	336
866	436
866	637
866	656
866	671
866	733
866	756
866	848
866	887
866	951
866	955
866	957
866	958
866	965
866	973
867	114
867	120
867	319
867	346
867	411
867	461
867	467
867	512
867	584
867	603
867	653
867	680
867	686
867	701
867	729
867	732
867	771
868	39
868	86
868	176
868	209
868	263
868	297
868	303
868	490
868	492
868	520
868	548
868	765
868	794
868	802
868	854
868	910
868	981
869	705
869	735
869	772
869	795
869	826
869	834
869	860
869	871
869	914
869	924
869	942
869	963
869	974
869	977
869	996
869	998
869	1000
870	5
870	192
870	222
870	277
870	500
870	738
870	775
870	815
870	875
870	888
870	909
870	918
870	921
870	924
870	933
870	971
870	997
871	70
871	579
871	685
871	735
871	797
871	810
871	847
871	860
871	869
871	891
871	924
871	931
871	942
871	974
871	977
871	994
871	1000
872	144
872	186
872	225
872	236
872	337
872	395
872	497
872	545
872	612
872	660
872	774
872	874
872	892
872	893
872	896
872	899
872	981
873	28
873	127
873	265
873	335
873	613
873	624
873	648
873	692
873	800
873	817
873	863
873	881
873	922
873	944
873	954
873	969
873	970
874	225
874	234
874	396
874	545
874	556
874	626
874	652
874	774
874	838
874	872
874	892
874	893
874	895
874	896
874	899
874	943
874	986
875	38
875	315
875	337
875	500
875	509
875	514
875	716
875	766
875	815
875	870
875	888
875	909
875	918
875	919
875	921
875	927
875	997
876	74
876	131
876	202
876	598
876	683
876	701
876	744
876	754
876	769
876	804
876	835
876	843
876	883
876	901
876	908
876	930
876	960
877	21
877	31
877	220
877	240
877	445
877	560
877	589
877	600
877	688
877	719
877	748
877	757
877	765
877	795
877	856
877	969
877	976
878	153
878	269
878	363
878	440
878	599
878	644
878	665
878	676
878	780
878	816
878	837
878	887
878	934
878	936
878	945
878	961
878	992
879	71
879	109
879	148
879	208
879	320
879	400
879	529
879	539
879	645
879	713
879	783
879	833
879	858
879	859
879	892
879	913
879	991
880	43
880	200
880	251
880	281
880	302
880	443
880	523
880	549
880	622
880	739
880	763
880	794
880	824
880	832
880	847
880	886
880	996
881	172
881	462
881	518
881	520
881	661
881	691
881	787
881	789
881	800
881	849
881	873
881	905
881	917
881	922
881	944
881	968
881	969
882	39
882	203
882	380
882	480
882	499
882	608
882	667
882	674
882	675
882	688
882	707
882	799
882	836
882	842
882	908
882	957
882	999
883	88
883	131
883	138
883	202
883	206
883	280
883	399
883	450
883	649
883	744
883	754
883	840
883	852
883	876
883	889
883	901
883	930
884	57
884	125
884	185
884	285
884	544
884	625
884	719
884	735
884	744
884	772
884	797
884	891
884	914
884	924
884	974
884	977
884	994
884	1000
885	101
885	281
885	321
885	332
885	381
885	522
885	653
885	695
885	737
885	792
885	793
885	853
885	894
885	906
885	928
885	929
885	978
885	998
886	99
886	260
886	362
886	614
886	619
886	621
886	699
886	767
886	811
886	825
886	850
886	880
886	925
886	948
886	952
886	962
886	966
886	979
887	12
887	156
887	173
887	456
887	534
887	537
887	619
887	635
887	712
887	752
887	827
887	855
887	862
887	866
887	878
887	920
887	926
887	945
888	32
888	145
888	171
888	324
888	525
888	527
888	738
888	766
888	775
888	870
888	875
888	893
888	909
888	921
888	927
888	971
888	972
888	997
889	187
889	206
889	244
889	513
889	515
889	649
889	660
889	687
889	694
889	751
889	754
889	769
889	835
889	839
889	852
889	883
889	901
889	918
890	55
890	83
890	98
890	165
890	189
890	195
890	276
890	399
890	453
890	561
890	643
890	679
890	761
890	818
890	915
890	978
890	982
890	997
891	68
891	92
891	111
891	185
891	249
891	659
891	810
891	871
891	884
891	911
891	914
891	924
891	942
891	954
891	963
891	974
891	977
891	994
892	80
892	186
892	223
892	337
892	391
892	451
892	545
892	554
892	727
892	860
892	872
892	874
892	879
892	893
892	896
892	899
892	933
892	986
893	115
893	124
893	130
893	223
893	247
893	275
893	332
893	347
893	451
893	556
893	660
893	872
893	874
893	888
893	892
893	896
893	917
893	986
894	284
894	323
894	423
894	438
894	449
894	522
894	606
894	710
894	737
894	853
894	885
894	906
894	928
894	929
894	964
894	966
894	973
894	998
895	317
895	361
895	430
895	431
895	432
895	473
895	479
895	578
895	599
895	620
895	696
895	718
895	745
895	874
895	900
895	903
895	912
895	980
895	982
896	187
896	391
896	395
896	396
896	451
896	540
896	545
896	554
896	662
896	872
896	874
896	892
896	893
896	899
896	917
896	926
896	935
896	973
896	986
897	41
897	86
897	88
897	113
897	257
897	338
897	471
897	524
897	592
897	610
897	742
897	765
897	794
897	802
897	854
897	916
897	946
897	970
897	981
898	56
898	105
898	150
898	247
898	351
898	357
898	410
898	416
898	542
898	722
898	770
898	841
898	846
898	848
898	981
898	983
898	989
898	991
898	995
899	130
899	218
899	225
899	251
899	310
899	333
899	391
899	396
899	499
899	540
899	652
899	660
899	774
899	872
899	874
899	892
899	896
899	917
899	986
900	91
900	313
900	344
900	430
900	457
900	479
900	481
900	620
900	706
900	711
900	718
900	728
900	779
900	895
900	903
900	912
900	915
900	977
900	980
901	463
901	476
901	513
901	522
901	552
901	598
901	649
901	683
901	733
901	744
901	751
901	769
901	804
901	852
901	876
901	883
901	889
901	960
901	990
902	292
902	459
902	472
902	501
902	557
902	566
902	604
902	643
902	648
902	677
902	704
902	776
902	819
902	919
902	938
902	941
902	946
902	988
902	999
903	102
903	311
903	344
903	345
903	431
903	462
903	516
903	621
903	682
903	696
903	706
903	711
903	723
903	728
903	779
903	895
903	900
903	912
903	980
904	36
904	43
904	117
904	209
904	246
904	349
904	385
904	477
904	596
904	671
904	725
904	734
904	755
904	825
904	935
904	953
904	958
904	965
904	973
905	4
905	64
905	134
905	267
905	333
905	335
905	378
905	558
905	648
905	661
905	692
905	789
905	817
905	849
905	861
905	863
905	881
905	944
905	954
906	123
906	332
906	350
906	359
906	393
906	403
906	449
906	522
906	659
906	695
906	731
906	737
906	793
906	802
906	853
906	885
906	894
906	928
906	931
906	998
907	265
907	269
907	363
907	441
907	447
907	502
907	623
907	704
907	773
907	780
907	816
907	911
907	930
907	932
907	934
907	936
907	943
907	946
907	961
907	992
908	32
908	104
908	318
908	435
908	476
908	487
908	499
908	532
908	690
908	693
908	798
908	799
908	805
908	813
908	836
908	842
908	876
908	882
908	957
908	995
909	24
909	484
909	500
909	527
909	558
909	714
909	716
909	738
909	760
909	808
909	830
909	870
909	875
909	888
909	921
909	956
909	968
909	971
909	972
909	997
910	198
910	239
910	309
910	474
910	519
910	523
910	549
910	605
910	629
910	739
910	762
910	763
910	820
910	832
910	868
910	963
910	982
910	987
910	993
910	996
911	18
911	245
911	328
911	368
911	447
911	502
911	623
911	650
911	665
911	768
911	773
911	803
911	837
911	891
911	907
911	934
911	936
911	943
911	961
911	992
912	23
912	197
912	317
912	344
912	361
912	459
912	473
912	479
912	568
912	620
912	675
912	682
912	696
912	711
912	779
912	895
912	900
912	903
912	980
912	988
913	15
913	208
913	255
913	289
913	331
913	343
913	433
913	472
913	536
913	575
913	576
913	617
913	743
913	783
913	829
913	831
913	833
913	859
913	879
913	973
913	991
914	84
914	92
914	143
914	262
914	403
914	475
914	545
914	603
914	670
914	720
914	788
914	795
914	797
914	810
914	869
914	884
914	891
914	942
914	977
914	991
914	1000
915	55
915	165
915	189
915	197
915	224
915	300
915	452
915	535
915	577
915	679
915	726
915	753
915	759
915	797
915	806
915	818
915	890
915	900
915	949
915	982
915	984
916	86
916	126
916	238
916	263
916	293
916	437
916	468
916	471
916	490
916	520
916	658
916	666
916	747
916	773
916	854
916	897
916	942
916	957
916	970
916	981
916	997
917	118
917	128
917	187
917	236
917	275
917	337
917	402
917	451
917	470
917	554
917	612
917	652
917	662
917	685
917	708
917	774
917	881
917	893
917	896
917	899
917	986
918	24
918	36
918	171
918	279
918	322
918	346
918	372
918	527
918	714
918	716
918	760
918	775
918	808
918	870
918	875
918	889
918	921
918	927
918	971
918	972
918	997
919	75
919	256
919	410
919	418
919	504
919	586
919	602
919	632
919	636
919	647
919	654
919	677
919	699
919	704
919	741
919	875
919	902
919	938
919	951
919	988
919	999
920	237
920	271
920	278
920	507
920	531
920	607
920	631
920	635
920	684
920	730
920	752
920	790
920	814
920	828
920	834
920	836
920	862
920	887
920	945
920	954
920	990
921	37
921	372
921	494
921	557
921	716
921	738
921	759
921	760
921	766
921	808
921	870
921	875
921	888
921	909
921	918
921	927
921	971
921	972
921	975
921	990
921	995
921	997
922	60
922	64
922	84
922	158
922	402
922	518
922	533
922	624
922	692
922	745
922	751
922	755
922	778
922	787
922	792
922	817
922	849
922	863
922	873
922	881
922	944
922	986
923	1
923	62
923	273
923	306
923	324
923	485
923	563
923	582
923	673
923	712
923	731
923	770
923	784
923	792
923	838
923	844
923	959
923	964
923	976
923	978
923	985
923	993
924	57
924	111
924	238
924	255
924	511
924	538
924	579
924	603
924	735
924	771
924	795
924	797
924	860
924	869
924	870
924	871
924	884
924	891
924	948
924	974
924	994
924	1000
925	33
925	85
925	173
925	260
925	360
925	367
925	614
925	621
925	688
925	703
925	742
925	767
925	796
925	801
925	886
925	948
925	950
925	956
925	962
925	966
925	981
925	997
926	16
926	82
926	94
926	228
926	268
926	271
926	328
926	356
926	534
926	607
926	635
926	684
926	727
926	785
926	790
926	814
926	827
926	855
926	887
926	896
926	932
926	945
927	93
927	110
927	145
927	244
927	252
927	277
927	295
927	372
927	558
927	589
927	654
927	716
927	775
927	808
927	815
927	859
927	875
927	888
927	918
927	921
927	972
927	994
927	997
928	107
928	108
928	162
928	249
928	263
928	345
928	438
928	442
928	606
928	700
928	731
928	737
928	739
928	793
928	853
928	885
928	894
928	906
928	929
928	931
928	966
928	986
928	998
929	69
929	168
929	202
929	249
929	321
929	323
929	334
929	345
929	381
929	442
929	464
929	469
929	606
929	700
929	709
929	737
929	885
929	894
929	928
929	952
929	977
929	980
929	998
930	131
930	148
930	205
930	217
930	327
930	378
930	463
930	495
930	567
930	649
930	668
930	687
930	751
930	754
930	769
930	834
930	839
930	843
930	861
930	876
930	883
930	907
930	960
931	101
931	108
931	162
931	332
931	334
931	381
931	423
931	438
931	442
931	464
931	465
931	469
931	695
931	700
931	737
931	796
931	836
931	853
931	871
931	906
931	928
931	987
931	998
932	21
932	68
932	124
932	220
932	240
932	304
932	370
932	465
932	503
932	505
932	560
932	621
932	628
932	688
932	748
932	757
932	825
932	829
932	856
932	907
932	926
932	937
932	969
933	79
933	144
933	192
933	310
933	387
933	439
933	461
933	491
933	506
933	616
933	670
933	724
933	784
933	803
933	851
933	870
933	892
933	959
933	964
933	976
933	985
933	993
933	996
934	232
934	245
934	265
934	349
934	441
934	487
934	502
934	511
934	616
934	644
934	646
934	676
934	725
934	773
934	803
934	816
934	837
934	878
934	907
934	911
934	936
934	943
934	961
934	992
935	6
935	22
935	27
935	243
935	340
935	528
935	639
935	656
935	671
935	710
935	733
935	755
935	798
935	821
935	823
935	825
935	896
935	904
935	951
935	955
935	958
935	965
935	973
935	991
936	258
936	440
936	502
936	527
936	611
936	644
936	646
936	665
936	676
936	727
936	773
936	780
936	803
936	837
936	847
936	849
936	878
936	907
936	911
936	934
936	943
936	961
936	975
936	992
937	124
937	175
937	184
937	188
937	233
937	240
937	304
937	415
937	445
937	465
937	470
937	505
937	559
937	600
937	628
937	748
937	757
937	829
937	853
937	856
937	932
937	969
937	987
937	994
938	178
938	193
938	204
938	256
938	466
938	501
938	557
938	566
938	585
938	637
938	642
938	643
938	699
938	716
938	723
938	802
938	819
938	827
938	840
938	902
938	919
938	941
938	946
938	976
938	999
939	17
939	80
939	248
939	261
939	291
939	351
939	357
939	422
939	434
939	484
939	504
939	536
939	615
939	672
939	697
939	702
939	793
939	841
939	846
939	848
939	861
939	953
939	983
939	989
939	992
940	81
940	173
940	221
940	228
940	237
940	356
940	507
940	597
940	631
940	664
940	669
940	727
940	730
940	750
940	777
940	810
940	814
940	823
940	827
940	828
940	830
940	855
940	862
940	944
940	945
941	152
941	213
941	256
941	459
941	501
941	504
941	508
941	557
941	584
941	586
941	590
941	610
941	617
941	632
941	642
941	699
941	723
941	819
941	840
941	845
941	902
941	938
941	946
941	949
941	999
942	111
942	216
942	353
942	524
942	579
942	625
942	641
942	662
942	705
942	735
942	771
942	795
942	797
942	860
942	869
942	871
942	891
942	914
942	916
942	952
942	963
942	974
942	977
942	984
942	1000
943	96
943	105
943	258
943	265
943	280
943	311
943	363
943	440
943	565
943	623
943	657
943	676
943	773
943	780
943	803
943	816
943	837
943	874
943	907
943	911
943	934
943	936
943	961
943	972
943	992
944	4
944	158
944	172
944	420
944	462
944	578
944	624
944	648
944	677
944	691
944	745
944	778
944	792
944	830
944	849
944	863
944	873
944	881
944	905
944	922
944	940
944	954
944	958
944	979
944	987
945	240
945	268
945	282
945	283
945	300
945	303
945	488
945	581
945	587
945	594
945	597
945	631
945	664
945	674
945	727
945	752
945	778
945	786
945	855
945	862
945	878
945	887
945	920
945	926
945	940
946	178
946	183
946	204
946	459
946	501
946	566
946	586
946	602
946	632
946	642
946	647
946	654
946	659
946	677
946	723
946	741
946	840
946	897
946	902
946	907
946	938
946	941
946	966
946	988
946	998
946	999
947	3
947	70
947	87
947	222
947	226
947	270
947	274
947	298
947	397
947	494
947	521
947	675
947	764
947	776
947	781
947	785
947	788
947	791
947	798
947	807
947	826
947	858
947	948
947	967
947	990
947	995
948	294
948	336
948	369
948	402
948	448
948	454
948	595
948	650
948	664
948	736
948	742
948	764
948	801
948	811
948	850
948	864
948	886
948	924
948	925
948	947
948	950
948	952
948	962
948	966
948	968
948	979
949	2
949	132
949	133
949	161
949	254
949	298
949	340
949	377
949	385
949	386
949	392
949	455
949	483
949	555
949	698
949	721
949	746
949	799
949	826
949	847
949	857
949	865
949	915
949	941
949	975
949	984
950	13
950	14
950	44
950	58
950	99
950	360
950	362
950	412
950	448
950	627
950	736
950	742
950	767
950	796
950	812
950	816
950	850
950	860
950	925
950	948
950	952
950	962
950	966
950	978
950	979
950	997
951	22
951	112
951	287
951	352
951	379
951	393
951	425
951	436
951	489
951	530
951	568
951	681
951	703
951	725
951	734
951	755
951	821
951	825
951	854
951	866
951	919
951	935
951	953
951	955
951	965
951	973
952	58
952	322
952	355
952	412
952	418
952	448
952	458
952	614
952	631
952	650
952	736
952	742
952	767
952	777
952	781
952	811
952	829
952	845
952	846
952	886
952	929
952	942
952	948
952	950
952	966
952	968
952	979
953	137
953	220
953	241
953	246
953	340
953	389
953	408
953	477
953	489
953	493
953	528
953	596
953	600
953	640
953	656
953	733
953	734
953	755
953	756
953	821
953	825
953	840
953	904
953	939
953	951
953	955
953	958
954	50
954	60
954	127
954	172
954	402
954	420
954	462
954	648
954	661
954	691
954	692
954	745
954	778
954	780
954	789
954	792
954	800
954	817
954	846
954	849
954	863
954	873
954	891
954	905
954	920
954	944
954	962
955	55
955	241
955	267
955	327
955	379
955	446
955	489
955	528
955	530
955	579
955	640
955	656
955	671
955	673
955	710
955	725
955	756
955	773
955	801
955	821
955	825
955	866
955	935
955	951
955	953
955	965
955	973
956	3
956	307
956	316
956	330
956	414
956	460
956	521
956	541
956	546
956	554
956	591
956	638
956	651
956	698
956	717
956	750
956	776
956	781
956	788
956	791
956	798
956	909
956	925
956	967
956	982
956	990
956	995
957	25
957	32
957	67
957	157
957	203
957	271
957	295
957	314
957	407
957	435
957	438
957	480
957	499
957	532
957	667
957	674
957	678
957	690
957	707
957	799
957	805
957	809
957	813
957	836
957	866
957	882
957	908
957	916
958	77
958	89
958	112
958	204
958	214
958	287
958	425
958	493
958	530
958	596
958	600
958	640
958	681
958	710
958	733
958	734
958	756
958	825
958	855
958	866
958	904
958	935
958	944
958	953
958	965
958	972
958	973
958	976
959	1
959	47
959	62
959	79
959	151
959	174
959	210
959	334
959	387
959	405
959	432
959	491
959	532
959	593
959	616
959	712
959	724
959	740
959	784
959	817
959	838
959	844
959	923
959	933
959	976
959	978
959	985
959	993
959	995
960	88
960	114
960	121
960	384
960	390
960	450
960	463
960	515
960	534
960	551
960	552
960	598
960	609
960	683
960	694
960	715
960	744
960	751
960	754
960	768
960	804
960	835
960	839
960	852
960	876
960	901
960	930
960	972
960	984
961	232
961	245
961	276
961	280
961	328
961	441
961	447
961	508
961	565
961	568
961	611
961	644
961	646
961	665
961	676
961	703
961	780
961	803
961	816
961	837
961	849
961	878
961	907
961	911
961	934
961	936
961	943
961	980
961	992
962	58
962	138
962	294
962	322
962	374
962	458
962	538
962	588
962	595
962	627
962	649
962	699
962	703
962	736
962	742
962	767
962	796
962	827
962	845
962	864
962	886
962	925
962	948
962	950
962	954
962	966
962	968
962	978
962	979
963	125
963	155
963	169
963	207
963	235
963	388
963	475
963	511
963	517
963	538
963	603
963	625
963	641
963	655
963	685
963	705
963	766
963	771
963	795
963	797
963	834
963	869
963	891
963	910
963	942
963	974
963	977
963	994
963	1000
964	11
964	51
964	144
964	174
964	321
964	359
964	375
964	387
964	405
964	424
964	458
964	506
964	563
964	573
964	582
964	670
964	712
964	740
964	838
964	849
964	851
964	894
964	923
964	933
964	976
964	978
964	981
964	985
964	993
964	994
965	6
965	117
965	120
965	246
965	306
965	340
965	349
965	366
965	436
965	477
965	493
965	596
965	637
965	640
965	710
965	725
965	734
965	755
965	756
965	851
965	866
965	904
965	935
965	951
965	955
965	958
965	973
965	985
965	986
965	997
966	9
966	13
966	14
966	44
966	67
966	138
966	179
966	208
966	296
966	412
966	453
966	595
966	621
966	626
966	777
966	796
966	801
966	811
966	845
966	850
966	886
966	894
966	925
966	928
966	946
966	948
966	950
966	952
966	962
966	968
966	981
967	35
967	74
967	140
967	242
967	316
967	330
967	339
967	397
967	414
967	460
967	541
967	569
967	651
967	708
967	717
967	750
967	753
967	764
967	776
967	781
967	788
967	791
967	807
967	835
967	844
967	858
967	865
967	947
967	956
967	995
967	1000
968	65
968	85
968	92
968	100
968	184
968	260
968	296
968	322
968	335
968	336
968	355
968	360
968	367
968	453
968	470
968	621
968	623
968	627
968	650
968	736
968	777
968	796
968	845
968	850
968	881
968	909
968	948
968	952
968	962
968	966
968	979
969	21
969	26
969	31
969	34
969	95
969	175
969	188
969	220
969	233
969	304
969	338
969	370
969	389
969	415
969	503
969	505
969	600
969	615
969	628
969	637
969	688
969	748
969	757
969	829
969	831
969	856
969	873
969	877
969	881
969	932
969	937
970	41
970	49
970	53
970	145
970	176
970	191
970	238
970	243
970	293
970	297
970	338
970	471
970	474
970	478
970	479
970	520
970	524
970	548
970	570
970	601
970	610
970	627
970	658
970	709
970	765
970	794
970	802
970	873
970	897
970	916
970	981
970	982
971	8
971	10
971	24
971	38
971	110
971	113
971	128
971	145
971	171
971	222
971	242
971	277
971	299
971	372
971	485
971	558
971	684
971	714
971	738
971	743
971	749
971	760
971	766
971	775
971	813
971	815
971	870
971	888
971	909
971	918
971	921
971	997
972	5
972	36
972	219
972	252
972	277
972	299
972	315
972	485
972	494
972	500
972	509
972	527
972	540
972	714
972	716
972	738
972	760
972	766
972	775
972	808
972	815
972	828
972	888
972	909
972	918
972	921
972	927
972	943
972	958
972	960
972	997
972	999
973	77
973	89
973	137
973	196
973	241
973	246
973	340
973	349
973	366
973	379
973	408
973	425
973	436
973	446
973	454
973	493
973	528
973	639
973	733
973	756
973	821
973	854
973	866
973	894
973	896
973	904
973	913
973	935
973	951
973	955
973	958
973	965
974	59
974	61
974	129
974	169
974	216
974	236
974	429
974	473
974	511
974	514
974	538
974	550
974	579
974	594
974	596
974	659
974	771
974	795
974	797
974	821
974	834
974	860
974	869
974	871
974	884
974	891
974	924
974	942
974	963
974	977
974	995
974	1000
975	2
975	66
975	73
975	154
975	213
975	254
975	298
975	358
975	376
975	377
975	384
975	386
975	434
975	455
975	483
975	562
975	572
975	583
975	663
975	698
975	711
975	734
975	746
975	782
975	826
975	847
975	857
975	921
975	936
975	949
975	980
975	984
976	11
976	151
976	310
976	330
976	359
976	375
976	405
976	424
976	439
976	482
976	491
976	539
976	563
976	573
976	593
976	613
976	616
976	670
976	691
976	724
976	792
976	838
976	851
976	877
976	923
976	933
976	938
976	958
976	959
976	964
976	978
976	985
976	993
977	85
977	103
977	196
977	259
977	353
977	403
977	475
977	492
977	514
977	550
977	603
977	625
977	630
977	690
977	735
977	771
977	772
977	797
977	810
977	860
977	869
977	871
977	884
977	891
977	900
977	914
977	929
977	942
977	963
977	974
977	981
977	994
977	1000
978	62
978	167
978	174
978	192
978	205
978	359
978	365
978	375
978	424
978	439
978	573
978	593
978	613
978	616
978	634
978	670
978	712
978	740
978	784
978	788
978	838
978	844
978	851
978	853
978	885
978	890
978	923
978	950
978	959
978	962
978	964
978	976
978	993
979	13
979	65
979	100
979	138
979	296
979	374
979	394
979	458
979	470
979	588
979	614
979	626
979	693
979	703
979	708
979	736
979	742
979	749
979	762
979	767
979	777
979	796
979	801
979	845
979	850
979	886
979	944
979	948
979	950
979	952
979	962
979	968
979	998
980	91
980	102
980	141
980	294
980	311
980	313
980	317
980	430
980	431
980	432
980	473
980	479
980	481
980	516
980	568
980	599
980	617
980	620
980	682
980	692
980	696
980	706
980	711
980	718
980	779
980	831
980	895
980	900
980	903
980	912
980	929
980	961
980	975
981	53
981	72
981	116
981	201
981	209
981	238
981	243
981	257
981	437
981	478
981	520
981	524
981	548
981	570
981	592
981	601
981	658
981	661
981	666
981	709
981	747
981	765
981	794
981	868
981	872
981	897
981	898
981	916
981	925
981	964
981	966
981	970
981	977
982	98
982	165
982	189
982	195
982	199
982	224
982	290
982	348
982	369
982	388
982	404
982	405
982	409
982	416
982	452
982	497
982	535
982	561
982	577
982	673
982	679
982	726
982	753
982	759
982	761
982	806
982	818
982	890
982	895
982	910
982	915
982	956
982	970
983	16
983	17
983	19
983	147
983	261
983	354
983	368
983	412
983	422
983	457
983	498
983	525
983	536
983	542
983	543
983	574
983	583
983	605
983	615
983	636
983	655
983	702
983	732
983	770
983	812
983	819
983	841
983	844
983	845
983	846
983	848
983	861
983	898
983	939
984	66
984	73
984	122
984	132
984	133
984	161
984	180
984	181
984	213
984	254
984	298
984	376
984	377
984	386
984	439
984	455
984	483
984	507
984	555
984	572
984	580
984	663
984	698
984	746
984	782
984	826
984	847
984	848
984	857
984	915
984	942
984	949
984	960
984	975
985	51
985	86
985	104
985	144
985	166
985	167
985	215
985	231
985	273
985	304
985	306
985	310
985	375
985	387
985	424
985	482
985	506
985	562
985	563
985	573
985	582
985	593
985	613
985	712
985	723
985	814
985	838
985	844
985	923
985	933
985	959
985	964
985	965
985	976
986	63
986	128
986	130
986	187
986	223
986	234
986	236
986	247
986	275
986	326
986	337
986	347
986	396
986	451
986	532
986	540
986	545
986	554
986	556
986	564
986	612
986	660
986	662
986	696
986	768
986	824
986	874
986	892
986	893
986	896
986	899
986	917
986	922
986	928
986	965
987	40
987	46
987	106
987	190
987	198
987	239
987	251
987	281
987	286
987	309
987	329
987	371
987	427
987	443
987	474
987	519
987	523
987	549
987	588
987	622
987	629
987	657
987	689
987	701
987	739
987	762
987	763
987	820
987	824
987	910
987	931
987	937
987	944
987	990
987	996
988	75
988	97
988	178
988	193
988	218
988	428
988	466
988	501
988	504
988	508
988	557
988	558
988	566
988	585
988	586
988	590
988	602
988	604
988	632
988	643
988	677
988	699
988	702
988	704
988	741
988	760
988	819
988	832
988	840
988	902
988	912
988	919
988	946
988	999
988	1000
989	17
989	25
989	51
989	56
989	110
989	147
989	182
989	341
989	354
989	379
989	410
989	417
989	421
989	422
989	434
989	457
989	510
989	542
989	574
989	583
989	641
989	668
989	702
989	722
989	732
989	737
989	770
989	809
989	841
989	846
989	848
989	861
989	898
989	939
989	994
990	3
990	20
990	74
990	87
990	270
990	274
990	282
990	288
990	307
990	316
990	339
990	526
990	529
990	541
990	569
990	591
990	638
990	651
990	675
990	708
990	714
990	717
990	749
990	776
990	788
990	791
990	798
990	807
990	865
990	901
990	920
990	921
990	947
990	956
990	987
990	995
991	7
991	71
991	149
991	159
991	160
991	289
991	320
991	325
991	329
991	343
991	373
991	377
991	398
991	400
991	426
991	433
991	452
991	456
991	472
991	517
991	523
991	539
991	571
991	630
991	645
991	713
991	743
991	783
991	831
991	833
991	859
991	879
991	898
991	913
991	914
991	935
991	993
992	18
992	96
992	153
992	162
992	232
992	258
992	269
992	280
992	328
992	363
992	430
992	440
992	441
992	447
992	502
992	565
992	611
992	646
992	665
992	676
992	679
992	721
992	773
992	780
992	803
992	816
992	837
992	851
992	861
992	878
992	907
992	911
992	934
992	936
992	939
992	943
992	961
993	1
993	2
993	51
993	104
993	174
993	210
993	215
993	231
993	306
993	324
993	365
993	439
993	448
993	482
993	506
993	563
993	573
993	575
993	593
993	670
993	712
993	724
993	740
993	784
993	790
993	838
993	843
993	844
993	845
993	851
993	910
993	923
993	933
993	959
993	964
993	976
993	978
993	991
994	10
994	61
994	84
994	129
994	155
994	170
994	185
994	235
994	285
994	372
994	475
994	538
994	550
994	625
994	644
994	659
994	682
994	685
994	705
994	720
994	737
994	771
994	795
994	797
994	810
994	834
994	860
994	871
994	884
994	891
994	924
994	927
994	937
994	963
994	964
994	977
994	989
994	1000
995	87
995	135
995	226
995	270
995	274
995	288
995	320
995	330
995	382
995	414
995	460
995	520
995	526
995	541
995	546
995	569
995	591
995	638
995	651
995	675
995	717
995	749
995	764
995	771
995	781
995	785
995	788
995	807
995	858
995	865
995	898
995	908
995	921
995	947
995	956
995	959
995	967
995	974
995	990
996	40
996	43
996	106
996	142
996	190
996	200
996	211
996	250
996	251
996	264
996	286
996	302
996	312
996	371
996	413
996	427
996	443
996	523
996	549
996	557
996	559
996	605
996	622
996	629
996	657
996	689
996	739
996	762
996	776
996	811
996	820
996	824
996	832
996	840
996	869
996	880
996	910
996	933
996	987
997	36
997	37
997	75
997	93
997	113
997	219
997	222
997	242
997	244
997	252
997	299
997	315
997	477
997	485
997	494
997	500
997	509
997	527
997	558
997	641
997	714
997	716
997	766
997	775
997	808
997	870
997	875
997	888
997	890
997	909
997	916
997	918
997	921
997	925
997	927
997	950
997	965
997	971
997	972
998	52
998	54
998	69
998	107
998	108
998	123
998	162
998	206
998	249
998	284
998	321
998	332
998	334
998	350
998	381
998	393
998	423
998	449
998	464
998	469
998	522
998	606
998	653
998	674
998	695
998	700
998	731
998	737
998	756
998	839
998	853
998	869
998	885
998	894
998	906
998	928
998	929
998	931
998	946
998	979
999	44
999	152
999	164
999	183
999	193
999	218
999	256
999	459
999	466
999	475
999	501
999	504
999	557
999	569
999	585
999	586
999	590
999	602
999	604
999	617
999	632
999	634
999	642
999	647
999	654
999	699
999	704
999	723
999	741
999	819
999	840
999	860
999	882
999	902
999	919
999	938
999	941
999	946
999	972
999	988
1000	29
1000	76
1000	129
1000	143
1000	155
1000	169
1000	185
1000	259
1000	266
1000	285
1000	315
1000	353
1000	429
1000	492
1000	506
1000	511
1000	530
1000	544
1000	550
1000	603
1000	685
1000	705
1000	720
1000	735
1000	795
1000	797
1000	815
1000	860
1000	869
1000	871
1000	884
1000	914
1000	924
1000	942
1000	963
1000	967
1000	974
1000	977
1000	988
1000	994
