1	6 
2	12 
3	18 
4	9 
5	19 
6	20 
7	13 
8	19 
9	5 
10	8 
11	6 
12	14 
13	5 
14	5 
15	13 
16	14 
17	17 
18	10 
19	17 
20	23 
21	2 
22	20 
23	11 
24	19 
25	17 
26	2 
27	20 
28	9 
29	8 
30	2 
31	2 
32	22 
33	5 
34	2 
35	21 
36	19 
37	19 
38	19 
39	22 
40	7 
41	16 
42	17 
43	7 
44	5 
45	18 
46	7 
47	23 
48	13 
49	16 
50	9 
51	6 
52	15 
53	16 
54	15 
55	21 
56	17 
57	8 
58	5 
59	8 
60	9 
61	8 
62	6 
63	3 
64	9 
65	5 
66	12 
67	22 
68	2 
69	15 
70	18 
71	13 
72	16 
73	12 
74	18 
75	1 
76	8 
77	20 
78	12 
79	6 
80	3 
81	14 
82	14 
83	21 
84	8 
85	5 
86	16 
87	18 
88	4 
89	20 
90	14 
91	11 
92	8 
93	19 
94	14 
95	2 
96	10 
97	1 
98	21 
99	5 
100	5 
101	15 
102	11 
103	8 
104	6 
105	17 
106	7 
107	15 
108	15 
109	13 
110	19 
111	8 
112	20 
113	19 
114	23 
115	3 
116	16 
117	20 
118	3 
119	23 
120	23 
121	4 
122	12 
123	15 
124	2 
125	8 
126	16 
127	9 
128	3 
129	8 
130	3 
131	4 
132	12 
133	12 
134	9 
135	18 
136	9 
137	20 
138	5 
139	14 
140	18 
141	11 
142	7 
143	8 
144	6 
145	19 
146	22 
147	17 
148	4 
149	13 
150	17 
151	6 
152	1 
153	10 
154	12 
155	8 
156	14 
157	22 
158	9 
159	13 
160	13 
161	12 
162	15 
163	14 
164	9 
165	21 
166	1 
167	6 
168	15 
169	8 
170	8 
171	19 
172	9 
173	14 
174	6 
175	2 
176	16 
177	14 
178	1 
179	5 
180	12 
181	12 
182	17 
183	1 
184	2 
185	8 
186	3 
187	3 
188	2 
189	21 
190	7 
191	16 
192	6 
193	1 
194	22 
195	21 
196	8 
197	21 
198	7 
199	21 
200	7 
201	16 
202	4 
203	22 
204	1 
205	4 
206	4 
207	13 
208	13 
209	16 
210	6 
211	7 
212	14 
213	12 
214	20 
215	6 
216	8 
217	4 
218	1 
219	19 
220	2 
221	14 
222	19 
223	3 
224	21 
225	3 
226	18 
227	9 
228	14 
229	14 
230	23 
231	6 
232	10 
233	2 
234	3 
235	8 
236	3 
237	14 
238	16 
239	7 
240	2 
241	20 
242	19 
243	16 
244	19 
245	10 
246	20 
247	3 
248	17 
249	15 
250	7 
251	7 
252	19 
253	13 
254	12 
255	13 
256	1 
257	16 
258	10 
259	8 
260	5 
261	17 
262	8 
263	16 
264	7 
265	10 
266	23 
267	20 
268	14 
269	10 
270	18 
271	14 
272	23 
273	6 
274	18 
275	3 
276	21 
277	19 
278	14 
279	18 
280	10 
281	7 
282	14 
283	14 
284	15 
285	8 
286	7 
287	20 
288	18 
289	13 
290	21 
291	17 
292	23 
293	16 
294	5 
295	22 
296	5 
297	16 
298	12 
299	19 
300	21 
301	23 
302	7 
303	14 
304	2 
305	14 
306	6 
307	18 
308	2 
309	7 
310	6 
311	11 
312	7 
313	11 
314	22 
315	19 
316	18 
317	11 
318	22 
319	23 
320	13 
321	15 
322	5 
323	15 
324	6 
325	13 
326	3 
327	4 
328	10 
329	13 
330	18 
331	13 
332	15 
333	3 
334	15 
335	9 
336	5 
337	3 
338	16 
339	18 
340	20 
341	17 
342	17 
343	13 
344	11 
345	15 
346	23 
347	3 
348	21 
349	20 
350	15 
351	17 
352	20 
353	8 
354	17 
355	5 
356	14 
357	17 
358	12 
359	6 
360	5 
361	11 
362	5 
363	10 
364	4 
365	6 
366	20 
367	5 
368	17 
369	5 
370	2 
371	7 
372	19 
373	13 
374	5 
375	6 
376	12 
377	12 
378	9 
379	20 
380	22 
381	15 
382	18 
383	23 
384	12 
385	12 
386	12 
387	6 
388	21 
389	2 
390	4 
391	3 
392	12 
393	15 
394	22 
395	3 
396	3 
397	18 
398	13 
399	21 
400	13 
401	14 
402	9 
403	8 
404	21 
405	6 
406	16 
407	22 
408	20 
409	21 
410	17 
411	23 
412	5 
413	7 
414	18 
415	2 
416	17 
417	17 
418	5 
419	23 
420	9 
421	17 
422	17 
423	15 
424	6 
425	20 
426	23 
427	7 
428	14 
429	8 
430	11 
431	11 
432	11 
433	13 
434	17 
435	22 
436	20 
437	16 
438	15 
439	6 
440	10 
441	10 
442	15 
443	7 
444	1 
445	2 
446	20 
447	10 
448	5 
449	15 
450	4 
451	3 
452	21 
453	5 
454	5 
455	12 
456	13 
457	17 
458	5 
459	1 
460	18 
461	23 
462	9 
463	4 
464	15 
465	2 
466	1 
467	23 
468	16 
469	15 
470	5 
471	16 
472	13 
473	11 
474	7 
475	8 
476	22 
477	20 
478	16 
479	11 
480	22 
481	11 
482	6 
483	12 
484	17 
485	19 
486	17 
487	22 
488	14 
489	20 
490	16 
491	6 
492	8 
493	20 
494	19 
495	4 
496	4 
497	21 
498	23 
499	22 
500	19 
501	1 
502	10 
503	2 
504	1 
505	2 
506	6 
507	14 
508	1 
509	19 
510	17 
511	8 
512	23 
513	4 
514	8 
515	4 
516	11 
517	13 
518	9 
519	7 
520	16 
521	18 
522	15 
523	7 
524	16 
525	17 
526	18 
527	19 
528	20 
529	13 
530	20 
531	14 
532	22 
533	17 
534	14 
535	21 
536	17 
537	14 
538	8 
539	13 
540	3 
541	18 
542	17 
543	17 
544	23 
545	3 
546	18 
547	23 
548	16 
549	7 
550	8 
551	4 
552	4 
553	17 
554	3 
555	12 
556	3 
557	1 
558	19 
559	22 
560	2 
561	21 
562	12 
563	6 
564	3 
565	10 
566	1 
567	4 
568	11 
569	18 
570	16 
571	13 
572	12 
573	6 
574	17 
575	13 
576	13 
577	21 
578	9 
579	8 
580	12 
581	14 
582	6 
583	17 
584	23 
585	1 
586	1 
587	14 
588	5 
589	2 
590	1 
591	18 
592	16 
593	6 
594	14 
595	5 
596	20 
597	14 
598	4 
599	11 
600	2 
601	16 
602	1 
603	8 
604	1 
605	7 
606	15 
607	14 
608	22 
609	4 
610	16 
611	10 
612	3 
613	6 
614	5 
615	17 
616	6 
617	1 
618	23 
619	14 
620	11 
621	5 
622	7 
623	10 
624	9 
625	8 
626	5 
627	5 
628	2 
629	7 
630	13 
631	14 
632	1 
633	17 
634	6 
635	14 
636	17 
637	20 
638	18 
639	20 
640	20 
641	8 
642	1 
643	1 
644	10 
645	13 
646	10 
647	1 
648	9 
649	4 
650	5 
651	18 
652	3 
653	23 
654	1 
655	17 
656	20 
657	7 
658	16 
659	8 
660	3 
661	9 
662	3 
663	12 
664	14 
665	10 
666	16 
667	22 
668	17 
669	14 
670	6 
671	20 
672	17 
673	21 
674	22 
675	18 
676	10 
677	1 
678	22 
679	21 
680	23 
681	20 
682	11 
683	4 
684	14 
685	8 
686	23 
687	4 
688	2 
689	7 
690	22 
691	9 
692	9 
693	22 
694	4 
695	15 
696	11 
697	17 
698	12 
699	1 
700	15 
701	4 
702	17 
703	5 
704	1 
705	8 
706	11 
707	22 
708	18 
709	16 
710	20 
711	11 
712	6 
713	13 
714	19 
715	4 
716	19 
717	18 
718	11 
719	2 
720	8 
721	12 
722	17 
723	1 
724	6 
725	20 
726	21 
727	14 
728	11 
729	23 
730	14 
731	15 
732	17 
733	20 
734	20 
735	8 
736	5 
737	15 
738	19 
739	7 
740	6 
741	1 
742	5 
743	13 
744	4 
745	9 
746	12 
747	16 
748	2 
749	18 
750	18 
751	4 
752	14 
753	21 
754	4 
755	20 
756	20 
757	2 
758	22 
759	21 
760	19 
761	21 
762	7 
763	7 
764	18 
765	16 
766	19 
767	5 
768	4 
769	4 
770	17 
771	8 
772	8 
773	10 
774	3 
775	19 
776	18 
777	5 
778	9 
779	11 
780	10 
781	18 
782	12 
783	13 
784	6 
785	18 
786	14 
787	9 
788	18 
789	9 
790	14 
791	18 
792	9 
793	15 
794	16 
795	8 
796	5 
797	8 
798	18 
799	22 
800	9 
801	5 
802	16 
803	10 
804	4 
805	22 
806	21 
807	18 
808	19 
809	22 
810	8 
811	5 
812	17 
813	22 
814	14 
815	19 
816	10 
817	9 
818	21 
819	1 
820	7 
821	20 
822	23 
823	14 
824	7 
825	20 
826	12 
827	14 
828	14 
829	2 
830	9 
831	13 
832	7 
833	13 
834	8 
835	4 
836	22 
837	10 
838	6 
839	4 
840	1 
841	17 
842	22 
843	4 
844	6 
845	5 
846	17 
847	12 
848	17 
849	9 
850	5 
851	6 
852	4 
853	15 
854	16 
855	14 
856	2 
857	12 
858	18 
859	13 
860	8 
861	17 
862	14 
863	9 
864	5 
865	18 
866	20 
867	23 
868	16 
869	8 
870	19 
871	8 
872	3 
873	9 
874	3 
875	19 
876	4 
877	2 
878	10 
879	13 
880	7 
881	9 
882	22 
883	4 
884	8 
885	15 
886	5 
887	14 
888	19 
889	4 
890	21 
891	8 
892	3 
893	3 
894	15 
895	11 
896	3 
897	16 
898	17 
899	3 
900	11 
901	4 
902	1 
903	11 
904	20 
905	9 
906	15 
907	10 
908	22 
909	19 
910	7 
911	10 
912	11 
913	13 
914	8 
915	21 
916	16 
917	3 
918	19 
919	1 
920	14 
921	19 
922	9 
923	6 
924	8 
925	5 
926	14 
927	19 
928	15 
929	15 
930	4 
931	15 
932	2 
933	6 
934	10 
935	20 
936	10 
937	2 
938	1 
939	17 
940	14 
941	1 
942	8 
943	10 
944	9 
945	14 
946	1 
947	18 
948	5 
949	12 
950	5 
951	20 
952	5 
953	20 
954	9 
955	20 
956	18 
957	22 
958	20 
959	6 
960	4 
961	10 
962	5 
963	8 
964	6 
965	20 
966	5 
967	18 
968	5 
969	2 
970	16 
971	19 
972	19 
973	20 
974	8 
975	12 
976	6 
977	8 
978	6 
979	5 
980	11 
981	16 
982	21 
983	17 
984	12 
985	6 
986	3 
987	7 
988	1 
989	17 
990	18 
991	13 
992	10 
993	6 
994	8 
995	18 
996	7 
997	19 
998	15 
999	1 
1000	8 
